flight,date,time
RYR89HV,2021-09-25,00:00:02
EZY85HM,2021-09-25,00:02:02
RYR60TR,2021-09-25,00:11:02
EZY36TF,2021-09-25,00:17:02
EZY89CM,2021-09-25,00:50:02
EZY2094,2021-09-25,00:56:02
EXS34TC,2021-09-25,01:04:02
WUK8130,2021-09-25,01:18:02
ABD4500,2021-09-25,01:24:02
EZY59GE,2021-09-25,01:27:02
ABB122,2021-09-25,01:32:02
EXS35W,2021-09-25,01:45:02
AAL160,2021-09-25,02:30:02
ICL952,2021-09-25,03:09:02
ACA81,2021-09-25,03:12:02
MABEU,2021-09-25,03:20:02
BCS923,2021-09-25,03:32:02
GLH2,2021-09-25,03:42:02
ACA57,2021-09-25,03:42:02
ETH574,2021-09-25,03:42:02
ETH500,2021-09-25,03:56:02
UAL904,2021-09-25,04:04:02
ETH552,2021-09-25,04:07:02
CLX84W,2021-09-25,04:26:02
BCS212,2021-09-25,04:40:02
UAL30,2021-09-25,04:49:02
UAL982,2021-09-25,04:54:02
ABB112,2021-09-25,04:57:02
AAL334,2021-09-25,05:03:02
BCS955,2021-09-25,05:11:02
QTR8158,2021-09-25,05:24:02
UAL385,2021-09-25,05:29:02
AAL50,2021-09-25,05:43:02
UPS210,2021-09-25,05:45:02
MSR986,2021-09-25,05:45:02
BAW78,2021-09-25,05:51:02
BAW45B,2021-09-25,05:51:02
AAL100,2021-09-25,05:52:02
UAL124,2021-09-25,05:53:02
DLH419,2021-09-25,05:55:02
UAL950,2021-09-25,05:57:02
THT68,2021-09-25,06:03:02
AUA4MG,2021-09-25,06:05:02
BAW6W,2021-09-25,06:08:02
SWR345,2021-09-25,06:10:02
BEL52B,2021-09-25,06:10:02
DLH463,2021-09-25,06:12:02
BAW40F,2021-09-25,06:12:02
BAW9151,2021-09-25,06:13:02
BAW20R,2021-09-25,06:15:03
CLX87Z,2021-09-25,06:18:02
AJT3022,2021-09-25,06:19:02
EXS5CF,2021-09-25,06:19:02
BAW254,2021-09-25,06:20:02
EZY83UC,2021-09-25,06:24:02
EXS44GB,2021-09-25,06:25:02
RYR5EG,2021-09-25,06:26:02
TRA42X,2021-09-25,06:29:02
RYR6EL,2021-09-25,06:33:02
BAW472,2021-09-25,06:33:02
TOM85X,2021-09-25,06:33:02
EXS23WV,2021-09-25,06:35:02
DAL42,2021-09-25,06:35:02
RYR39JA,2021-09-25,06:36:02
DHK396,2021-09-25,06:37:02
EXS12PY,2021-09-25,06:37:02
WUK469,2021-09-25,06:38:02
BEL2184,2021-09-25,06:39:02
KLM1000,2021-09-25,06:40:02
BAW2590,2021-09-25,06:41:02
AFR88CE,2021-09-25,06:44:02
EXS1411,2021-09-25,06:46:02
BAW81V,2021-09-25,06:47:02
BAW176A,2021-09-25,06:50:02
ACA832,2021-09-25,06:52:02
UAL999,2021-09-25,06:52:02
TOM6PD,2021-09-25,06:53:02
BAW5CA,2021-09-25,06:53:02
CPA254,2021-09-25,06:54:02
DLH2U,2021-09-25,06:55:02
VIR4C,2021-09-25,06:56:02
RYR3XR,2021-09-25,06:56:02
UAL989,2021-09-25,06:57:02
CFNVT,2021-09-25,06:57:02
RYR92JB,2021-09-25,06:58:02
RYR70FH,2021-09-25,06:58:02
OCN3,2021-09-25,06:59:02
BAW48CU,2021-09-25,07:00:02
EXS98CQ,2021-09-25,07:01:02
AFR13YK,2021-09-25,07:02:02
DLH7TT,2021-09-25,07:02:02
AFR28YJ,2021-09-25,07:04:02
AAL730,2021-09-25,07:04:02
RYR1VG,2021-09-25,07:05:02
BAW694,2021-09-25,07:05:02
BAW2606,2021-09-25,07:08:02
AAL736,2021-09-25,07:09:02
DLH425,2021-09-25,07:10:02
BAW63GV,2021-09-25,07:10:02
BAW158,2021-09-25,07:13:02
NAX1750,2021-09-25,07:14:02
BAW2712,2021-09-25,07:14:02
RYR63AZ,2021-09-25,07:16:02
AAL108,2021-09-25,07:17:02
LOT6545,2021-09-25,07:17:02
AAL758,2021-09-25,07:18:02
BAW776F,2021-09-25,07:18:02
EZY19JW,2021-09-25,07:19:02
BAW25SW,2021-09-25,07:20:02
UAL14,2021-09-25,07:20:02
TOM1WM,2021-09-25,07:22:02
BAW62AP,2021-09-25,07:22:02
DLH441,2021-09-25,07:22:02
RYR7KY,2021-09-25,07:22:02
EZY97BN,2021-09-25,07:22:02
BAW526,2021-09-25,07:23:02
BAW800,2021-09-25,07:25:02
BAW366U,2021-09-25,07:26:02
UAL952,2021-09-25,07:27:02
AFR1887,2021-09-25,07:27:02
CFG2229,2021-09-25,07:29:02
BAW2786,2021-09-25,07:30:02
HFM7875,2021-09-25,07:31:02
BAW2642,2021-09-25,07:33:02
EZY6287,2021-09-25,07:33:02
VJT775,2021-09-25,07:36:02
EXS41FZ,2021-09-25,07:36:02
EZY52RZ,2021-09-25,07:37:02
RYR5CQ,2021-09-25,07:37:02
BAW660E,2021-09-25,07:38:02
RYR6AL,2021-09-25,07:38:02
AHO285Z,2021-09-25,07:38:02
NAX6NP,2021-09-25,07:40:02
EZY1817,2021-09-25,07:40:02
BAW408V,2021-09-25,07:41:02
EZY47UG,2021-09-25,07:41:02
SHT7J,2021-09-25,07:42:02
EXS5JV,2021-09-25,07:42:02
EXS29P,2021-09-25,07:43:02
BAW2511,2021-09-25,07:43:02
BAW2767,2021-09-25,07:45:02
BAW846W,2021-09-25,07:48:02
EZY701,2021-09-25,07:48:02
RYR3SQ,2021-09-25,07:48:02
EXS19TW,2021-09-25,07:49:02
ABR480,2021-09-25,07:52:02
FDX25,2021-09-25,07:53:02
EXS447,2021-09-25,07:53:02
RYR37JV,2021-09-25,07:55:02
BAW71MA,2021-09-25,07:55:02
RYR7963,2021-09-25,07:56:02
BAW477,2021-09-25,07:57:02
TOM5BH,2021-09-25,07:57:02
UAL972,2021-09-25,07:59:02
CLF208S,2021-09-25,07:59:02
EIN23F,2021-09-25,07:59:02
BAW2664,2021-09-25,07:59:02
TAY1464,2021-09-25,07:59:02
SHT86L,2021-09-25,08:02:02
RYR75BE,2021-09-25,08:03:02
NWS353,2021-09-25,08:04:02
BAW64LC,2021-09-25,08:04:02
EZY19XP,2021-09-25,08:05:02
BAW342N,2021-09-25,08:05:02
EZY131R,2021-09-25,08:06:02
HRT881,2021-09-25,08:06:02
RYR94FR,2021-09-25,08:07:02
BAW41Y,2021-09-25,08:08:02
EXS96BL,2021-09-25,08:08:02
EJM12,2021-09-25,08:08:02
CPA255,2021-09-25,08:10:02
RYR931R,2021-09-25,08:10:02
RYR5598,2021-09-25,08:11:02
BAW6TH,2021-09-25,08:13:02
RRR2300,2021-09-25,08:14:02
BAW624,2021-09-25,08:15:02
EWG8JM,2021-09-25,08:16:02
EXS94UJ,2021-09-25,08:17:02
NAX1780,2021-09-25,08:20:02
BAW2648,2021-09-25,08:20:02
BAW960M,2021-09-25,08:22:02
TOM62X,2021-09-25,08:22:02
EIN9RV,2021-09-25,08:23:02
RUK3556,2021-09-25,08:25:02
BAW91PY,2021-09-25,08:25:02
BAW2692,2021-09-25,08:26:02
EIN46J,2021-09-25,08:26:02
TOM3JL,2021-09-25,08:26:02
RYR4HU,2021-09-25,08:28:02
RYR2QV,2021-09-25,08:28:02
EXS1HG,2021-09-25,08:28:02
EIN154,2021-09-25,08:29:02
BAW412M,2021-09-25,08:30:02
SHT2L,2021-09-25,08:32:02
BAW87PC,2021-09-25,08:33:02
DLH4H,2021-09-25,08:35:02
IBE31PL,2021-09-25,08:35:02
RYR45,2021-09-25,08:36:02
N83TY,2021-09-25,08:37:02
NJE498W,2021-09-25,08:38:02
RYR8SV,2021-09-25,08:39:02
AAL38,2021-09-25,08:40:02
THY9FE,2021-09-25,08:41:02
RYR67YU,2021-09-25,08:41:02
CLX54G,2021-09-25,08:42:02
RYR16WT,2021-09-25,08:42:02
SHT6G,2021-09-25,08:42:02
EZY924L,2021-09-25,08:43:02
BAW5CR,2021-09-25,08:43:02
QTR6HB,2021-09-25,08:44:02
RYR961W,2021-09-25,08:45:02
TOM9JG,2021-09-25,08:46:02
VIR165,2021-09-25,08:46:02
BAW90BG,2021-09-25,08:48:02
RYR341T,2021-09-25,08:49:02
BAW94,2021-09-25,08:49:02
KLM1002,2021-09-25,08:51:02
BAW726P,2021-09-25,08:51:02
SVW72VP,2021-09-25,08:51:02
ACA7210,2021-09-25,08:52:02
DAL71,2021-09-25,08:52:02
BAW80G,2021-09-25,08:52:02
SHT18LA,2021-09-25,08:55:02
EXS39X,2021-09-25,08:57:02
QTR294E,2021-09-25,08:59:02
EXS12LR,2021-09-25,09:01:02
SWR33U,2021-09-25,09:01:02
TWY65,2021-09-25,09:03:02
BAW2680,2021-09-25,09:04:02
N1911W,2021-09-25,09:04:02
EZY622,2021-09-25,09:06:02
BAW828Y,2021-09-25,09:06:02
BAW15PZ,2021-09-25,09:08:02
VIR688,2021-09-25,09:09:02
9HCCH,2021-09-25,09:10:02
BAW982,2021-09-25,09:10:02
BAW59T,2021-09-25,09:11:03
BAW2776,2021-09-25,09:12:02
THY3,2021-09-25,09:13:02
AUA4ML,2021-09-25,09:14:02
SVW24JM,2021-09-25,09:15:02
BAW8PW,2021-09-25,09:15:02
SHT12H,2021-09-25,09:16:02
UAL56,2021-09-25,09:17:02
SHT1468,2021-09-25,09:18:02
LZB852,2021-09-25,09:18:02
BAW499C,2021-09-25,09:19:02
FHLTT,2021-09-25,09:21:02
EXS45RA,2021-09-25,09:23:02
SHT90P,2021-09-25,09:26:02
RJA264,2021-09-25,09:26:02
VPCER,2021-09-25,09:26:02
RYR30YV,2021-09-25,09:26:02
TOM3WH,2021-09-25,09:27:02
CCA560,2021-09-25,09:27:02
DLH465,2021-09-25,09:27:02
AAL109,2021-09-25,09:28:02
SERLP,2021-09-25,09:28:02
ETD12,2021-09-25,09:29:02
GEC8161,2021-09-25,09:29:02
RYR31FA,2021-09-25,09:30:03
RYR8254,2021-09-25,09:32:02
AFR47XK,2021-09-25,09:32:02
T7NAP,2021-09-25,09:33:02
ACA856,2021-09-25,09:33:02
WJA1,2021-09-25,09:33:02
RYR797V,2021-09-25,09:33:02
SHT8K,2021-09-25,09:34:02
AFR083,2021-09-25,09:34:02
BAW5PT,2021-09-25,09:34:02
AZV777,2021-09-25,09:35:02
AAL9820,2021-09-25,09:35:02
SWR38W,2021-09-25,09:36:02
BAW2780,2021-09-25,09:38:02
BCS6730,2021-09-25,09:39:02
JBU7,2021-09-25,09:39:02
OMA2104,2021-09-25,09:39:02
RYR1RC,2021-09-25,09:41:02
BLA1332,2021-09-25,09:41:02
EZY73VA,2021-09-25,09:41:02
BAW656,2021-09-25,09:43:02
DLH7CP,2021-09-25,09:44:02
TSC122,2021-09-25,09:44:02
RYR361G,2021-09-25,09:45:02
RYR8LQ,2021-09-25,09:45:02
RYR13LJ,2021-09-25,09:45:02
UAL931,2021-09-25,09:45:02
BAW2538,2021-09-25,09:45:02
VIR188B,2021-09-25,09:45:02
BAW2570,2021-09-25,09:46:02
AAL101,2021-09-25,09:48:02
BAW34N,2021-09-25,09:49:03
DLH6U,2021-09-25,09:52:02
BAW2714,2021-09-25,09:53:02
RY1VX,2021-09-25,09:53:02
UAL46,2021-09-25,09:54:02
RYR45MW,2021-09-25,09:54:02
RYR7823,2021-09-25,09:55:02
BAW6CA,2021-09-25,09:55:02
BAW572,2021-09-25,09:56:02
VIR378,2021-09-25,09:57:02
UAE214,2021-09-25,09:58:02
GMA200,2021-09-25,09:59:02
EIN93C,2021-09-25,09:59:02
UAL998,2021-09-25,10:00:02
BAW484C,2021-09-25,10:01:02
TAP1356,2021-09-25,10:02:02
BAW24B,2021-09-25,10:03:02
BAW17A,2021-09-25,10:04:02
SAS87D,2021-09-25,10:04:02
EUW5364,2021-09-25,10:06:02
BAW712T,2021-09-25,10:07:02
BAW346,2021-09-25,10:09:02
AAL104,2021-09-25,10:09:02
EIN15N,2021-09-25,10:10:02
EZY91LP,2021-09-25,10:10:02
AIC162,2021-09-25,10:12:02
KLM751,2021-09-25,10:12:02
DAL2,2021-09-25,10:13:02
UAL814,2021-09-25,10:16:02
AFL2581,2021-09-25,10:16:02
KLM791,2021-09-25,10:17:02
DAL31,2021-09-25,10:17:02
ACA833,2021-09-25,10:17:02
AFR28VB,2021-09-25,10:18:02
BAW831S,2021-09-25,10:19:02
BAW2554,2021-09-25,10:19:02
BAW92W,2021-09-25,10:21:02
GFA002,2021-09-25,10:23:02
BAW24R,2021-09-25,10:24:02
EZY702,2021-09-25,10:25:02
BAW658,2021-09-25,10:25:02
LOT282,2021-09-25,10:26:02
TAY011,2021-09-25,10:27:02
AAL155,2021-09-25,10:27:02
WJA10,2021-09-25,10:27:02
BAW814,2021-09-25,10:29:02
SHT88T,2021-09-25,10:29:02
ABR481,2021-09-25,10:31:02
BAW18A,2021-09-25,10:31:02
AHO484M,2021-09-25,10:31:02
SHT3R,2021-09-25,10:32:02
VIR104L,2021-09-25,10:33:02
AAL21,2021-09-25,10:34:02
AFR636,2021-09-25,10:35:02
DLH978,2021-09-25,10:38:02
BAW71F,2021-09-25,10:38:02
SHT2J,2021-09-25,10:38:02
BAW2512,2021-09-25,10:38:02
TFL393,2021-09-25,10:39:02
AAL203,2021-09-25,10:40:02
BAW3C,2021-09-25,10:40:02
RYR12LX,2021-09-25,10:41:02
CBM66,2021-09-25,10:42:02
VIR302G,2021-09-25,10:44:02
BAW98,2021-09-25,10:46:02
EIN52X,2021-09-25,10:46:02
BAW962H,2021-09-25,10:46:02
AAL729,2021-09-25,10:47:02
BAW2787,2021-09-25,10:49:02
SZS526,2021-09-25,10:51:02
UAL973,2021-09-25,10:51:02
RYR86BT,2021-09-25,10:52:02
BAW26E,2021-09-25,10:53:02
AFR066,2021-09-25,10:55:02
BAW492U,2021-09-25,10:55:02
UAL5,2021-09-25,10:56:02
DLH6RP,2021-09-25,10:56:02
IBE3163,2021-09-25,10:57:02
AAL161,2021-09-25,10:57:02
RYR7786,2021-09-25,10:57:02
RYR293H,2021-09-25,10:57:02
RYR7964,2021-09-25,10:58:02
EZY12WM,2021-09-25,10:59:02
BAW646,2021-09-25,10:59:02
LOG32YM,2021-09-25,10:59:02
BAW473,2021-09-25,10:59:02
AFR084,2021-09-25,11:00:02
RYR83LK,2021-09-25,11:00:02
AUA89,2021-09-25,11:02:02
BAW340,2021-09-25,11:03:02
BAW65,2021-09-25,11:06:02
ABB111,2021-09-25,11:06:02
RYR4UN,2021-09-25,11:06:02
EZY23FX,2021-09-25,11:07:02
EZY59DN,2021-09-25,11:08:02
UAL15,2021-09-25,11:09:02
ICE8K,2021-09-25,11:10:02
AAL239,2021-09-25,11:12:02
BAW23T,2021-09-25,11:12:02
RYR6YQ,2021-09-25,11:12:02
EXS22H,2021-09-25,11:12:02
BAW308,2021-09-25,11:13:02
EXS95EU,2021-09-25,11:14:02
VIR7B,2021-09-25,11:15:02
EJU41FD,2021-09-25,11:15:02
ICE68L,2021-09-25,11:16:02
VIR354,2021-09-25,11:17:02
ICE544,2021-09-25,11:18:02
FIN7KL,2021-09-25,11:18:02
RYR6QA,2021-09-25,11:18:02
AAL49,2021-09-25,11:19:02
MAS3,2021-09-25,11:20:02
RYR419M,2021-09-25,11:20:02
BAW2777,2021-09-25,11:21:02
VIR131,2021-09-25,11:21:02
EZY27WB,2021-09-25,11:22:02
BEL6H,2021-09-25,11:23:02
AUA93,2021-09-25,11:23:02
TOM90V,2021-09-25,11:24:02
BAW48Q,2021-09-25,11:25:02
BAW139,2021-09-25,11:25:02
BAW2556,2021-09-25,11:26:02
RYR4136,2021-09-25,11:26:02
RYR4RU,2021-09-25,11:26:02
RYR5524,2021-09-25,11:27:02
CCA568,2021-09-25,11:28:02
EXS78FG,2021-09-25,11:28:02
BAW880A,2021-09-25,11:29:02
NHL06,2021-09-25,11:30:02
AUA87,2021-09-25,11:31:02
BAW11M,2021-09-25,11:32:02
KLM771,2021-09-25,11:34:02
BAW514,2021-09-25,11:34:02
BAW7W,2021-09-25,11:35:02
EZY75YQ,2021-09-25,11:36:02
EXS96PS,2021-09-25,11:36:02
NJE325C,2021-09-25,11:37:02
BAW2552,2021-09-25,11:37:02
BZE07A,2021-09-25,11:37:02
SIA317,2021-09-25,11:38:02
NJE951W,2021-09-25,11:39:02
BEL8M,2021-09-25,11:40:02
TAP1367,2021-09-25,11:40:02
EZY72GH,2021-09-25,11:41:02
S5CES,2021-09-25,11:41:02
MLT2017,2021-09-25,11:42:02
BAW13G,2021-09-25,11:43:02
RYR1CA,2021-09-25,11:44:02
RYR33PM,2021-09-25,11:45:02
UAL928,2021-09-25,11:46:03
EZY39QU,2021-09-25,11:46:03
AFR41WN,2021-09-25,11:47:02
ECA31C,2021-09-25,11:48:02
RYR9QP,2021-09-25,11:49:02
DAL193,2021-09-25,11:49:02
THY5TP,2021-09-25,11:49:02
CCA576,2021-09-25,11:50:02
EXS12HK,2021-09-25,11:51:02
DLH1H,2021-09-25,11:51:02
RYR4KV,2021-09-25,11:52:02
BAW628,2021-09-25,11:53:02
CFE2347,2021-09-25,11:54:02
AWU925K,2021-09-25,11:54:02
BAW42B,2021-09-25,11:55:02
BAW2730,2021-09-25,11:55:02
GTI8539,2021-09-25,11:56:02
UAL924,2021-09-25,11:56:02
EXS70WT,2021-09-25,11:57:02
N49NS,2021-09-25,11:59:02
VIR3N,2021-09-25,12:00:03
DAL15,2021-09-25,12:00:03
NJE612P,2021-09-25,12:01:02
ECC702,2021-09-25,12:01:02
OAV303,2021-09-25,12:02:02
EIN1VR,2021-09-25,12:03:02
AUI118,2021-09-25,12:04:02
CFG2226,2021-09-25,12:04:02
EXS41G,2021-09-25,12:05:02
AZA203,2021-09-25,12:05:02
ETD26,2021-09-25,12:06:02
EZY67HU,2021-09-25,12:06:02
UAL951,2021-09-25,12:06:02
SAS4697,2021-09-25,12:07:02
BOX423,2021-09-25,12:08:02
BAW255,2021-09-25,12:08:02
EZY452C,2021-09-25,12:09:02
BAW510,2021-09-25,12:10:02
NAX65K,2021-09-25,12:11:02
KLM1010,2021-09-25,12:11:02
RYR7KW,2021-09-25,12:12:02
RYR42EE,2021-09-25,12:12:02
VJT645,2021-09-25,12:12:02
BAW654T,2021-09-25,12:13:02
BAW6CR,2021-09-25,12:14:02
EZY536,2021-09-25,12:14:02
GNIPL,2021-09-25,12:15:02
AFR43AP,2021-09-25,12:16:02
EZY25PD,2021-09-25,12:16:02
EXS3N,2021-09-25,12:18:03
BAW666T,2021-09-25,12:18:03
AUR30K,2021-09-25,12:18:03
TRA5833,2021-09-25,12:18:03
SHT19M,2021-09-25,12:18:03
VIR133,2021-09-25,12:19:02
RYR3NC,2021-09-25,12:19:02
KLM1695,2021-09-25,12:21:02
BAW2KP,2021-09-25,12:21:02
RYR5BQ,2021-09-25,12:21:02
SHT9B,2021-09-25,12:23:02
VIR5C,2021-09-25,12:23:02
RYR30HX,2021-09-25,12:23:02
CCA580,2021-09-25,12:24:02
NAX81R,2021-09-25,12:25:02
AAL87,2021-09-25,12:25:02
WUK1146,2021-09-25,12:25:02
RYR36XH,2021-09-25,12:26:02
CFG2114,2021-09-25,12:26:02
NAX91H,2021-09-25,12:26:02
JME508N,2021-09-25,12:26:02
BAW9260,2021-09-25,12:27:02
RYR3GF,2021-09-25,12:27:02
EZY73KU,2021-09-25,12:27:02
RYR28TL,2021-09-25,12:28:02
SHT8R,2021-09-25,12:28:02
YRWNT,2021-09-25,12:28:02
BAW2600,2021-09-25,12:29:02
SHT6T,2021-09-25,12:31:02
UAL386,2021-09-25,12:32:03
VIR636,2021-09-25,12:33:02
UAL919,2021-09-25,12:34:02
EXS8LB,2021-09-25,12:34:02
KLM743,2021-09-25,12:34:02
EZY6989,2021-09-25,12:35:02
BAW207,2021-09-25,12:36:02
RYR14AU,2021-09-25,12:36:02
AFR53BQ,2021-09-25,12:36:02
EZY28AW,2021-09-25,12:36:02
GAC424P,2021-09-25,12:37:02
NAX1751,2021-09-25,12:37:02
ETH3509,2021-09-25,12:38:02
AEE601,2021-09-25,12:38:02
RYR97HN,2021-09-25,12:38:02
QTR2CC,2021-09-25,12:39:02
CPA252,2021-09-25,12:39:02
RYR4AG,2021-09-25,12:39:02
TSC659,2021-09-25,12:40:02
AAL733,2021-09-25,12:40:02
NAX29H,2021-09-25,12:40:02
EZY59VM,2021-09-25,12:40:02
BAW96VC,2021-09-25,12:41:02
SHT64U,2021-09-25,12:42:02
RYR9JJ,2021-09-25,12:42:02
EXS23C,2021-09-25,12:43:02
BAW4RE,2021-09-25,12:43:02
AFR66HX,2021-09-25,12:44:02
AFR99JZ,2021-09-25,12:45:02
OHCHF,2021-09-25,12:45:02
EZY37GZ,2021-09-25,12:46:03
KLM705,2021-09-25,12:46:03
SHT3U,2021-09-25,12:46:03
EZY687R,2021-09-25,12:48:02
QFA10,2021-09-25,12:48:02
QTR6EB,2021-09-25,12:49:02
RYR578P,2021-09-25,12:49:02
THA917,2021-09-25,12:50:02
AIC150,2021-09-25,12:51:02
EIN4RV,2021-09-25,12:51:02
BAW253M,2021-09-25,12:51:02
RYR2MA,2021-09-25,12:51:02
SPG190,2021-09-25,12:52:02
N779LD,2021-09-25,12:53:02
CCA646,2021-09-25,12:53:02
TRA6357,2021-09-25,12:53:02
BAW173A,2021-09-25,12:54:02
TOM8GC,2021-09-25,12:54:02
KLM757,2021-09-25,12:54:02
EIN164,2021-09-25,12:55:02
BAW4PV,2021-09-25,12:56:02
TIE91BY,2021-09-25,12:56:02
DLH543,2021-09-25,12:57:02
BAW6B,2021-09-25,12:58:02
AAL39,2021-09-25,12:59:02
MSR985,2021-09-25,13:00:03
EIN42N,2021-09-25,13:02:02
NAX7RH,2021-09-25,13:02:02
AFR072,2021-09-25,13:03:02
BAW6MK,2021-09-25,13:03:02
WIF353,2021-09-25,13:03:02
SHT96HD,2021-09-25,13:04:02
BAW295,2021-09-25,13:06:02
EXS198,2021-09-25,13:06:02
EIN477,2021-09-25,13:07:02
EXS5PN,2021-09-25,13:08:02
UAL107,2021-09-25,13:09:02
BPA6658,2021-09-25,13:10:02
BAW26PF,2021-09-25,13:10:02
2CAZZ,2021-09-25,13:11:02
RYR7AM,2021-09-25,13:12:02
HBLZZ,2021-09-25,13:12:02
UAL983,2021-09-25,13:12:02
RYR8WC,2021-09-25,13:13:02
FIN7YT,2021-09-25,13:13:02
AAL134,2021-09-25,13:13:02
RYR7EX,2021-09-25,13:13:02
BAW107,2021-09-25,13:14:02
RYR4PM,2021-09-25,13:14:02
FOX1206,2021-09-25,13:15:02
BAW45EM,2021-09-25,13:15:02
EZY78PQ,2021-09-25,13:15:02
RYR7QZ,2021-09-25,13:16:02
BAW281,2021-09-25,13:16:02
NAX1CE,2021-09-25,13:17:02
ECA23C,2021-09-25,13:17:02
TOM39T,2021-09-25,13:18:02
RYR9YF,2021-09-25,13:18:02
TOM1GL,2021-09-25,13:19:02
MEA202,2021-09-25,13:19:02
NJE650P,2021-09-25,13:20:02
BAW406,2021-09-25,13:20:02
SWR844J,2021-09-25,13:21:02
ICE451,2021-09-25,13:21:02
BAW2798,2021-09-25,13:22:02
TRA87T,2021-09-25,13:22:02
CCA694,2021-09-25,13:24:02
TOM6ED,2021-09-25,13:25:02
EXS6RC,2021-09-25,13:25:02
RYR8PR,2021-09-25,13:25:02
BAW2713,2021-09-25,13:26:02
ACA865,2021-09-25,13:26:02
AAL333,2021-09-25,13:26:02
ACA59,2021-09-25,13:27:02
VJT474,2021-09-25,13:27:02
SWR86,2021-09-25,13:27:02
KLM713,2021-09-25,13:27:02
EZY47KQ,2021-09-25,13:27:02
EZY81LT,2021-09-25,13:29:02
EXS8VN,2021-09-25,13:29:02
RYR54WK,2021-09-25,13:30:02
RYR586W,2021-09-25,13:30:02
QTR7HK,2021-09-25,13:30:02
EIN4EK,2021-09-25,13:31:02
VJT968,2021-09-25,13:32:02
JZR008,2021-09-25,13:32:02
GPMCM,2021-09-25,13:33:02
EXS56WD,2021-09-25,13:33:02
RYR5SM,2021-09-25,13:33:02
RYR65VC,2021-09-25,13:33:02
CNK821,2021-09-25,13:34:02
GKION,2021-09-25,13:35:02
SXS886,2021-09-25,13:35:02
BAW2728,2021-09-25,13:35:02
KZR946,2021-09-25,13:36:02
EIN16C,2021-09-25,13:37:02
ETD20,2021-09-25,13:38:02
NAX1781,2021-09-25,13:40:02
AIC164,2021-09-25,13:40:02
EXS36RH,2021-09-25,13:41:02
BAW9L,2021-09-25,13:42:03
9HVBG,2021-09-25,13:43:02
EXS1406,2021-09-25,13:44:02
BAW6PW,2021-09-25,13:44:02
EZY52AQ,2021-09-25,13:45:02
QTR75W,2021-09-25,13:46:02
CES7010,2021-09-25,13:46:02
BAW80KA,2021-09-25,13:47:02
NJE616T,2021-09-25,13:47:02
BAW414,2021-09-25,13:48:02
RYR5GP,2021-09-25,13:49:02
BAW368,2021-09-25,13:50:02
UAL4,2021-09-25,13:51:02
NAX16L,2021-09-25,13:51:02
BAW880,2021-09-25,13:51:02
RYR3001,2021-09-25,13:51:02
EXS4WZ,2021-09-25,13:53:02
WUK6MS,2021-09-25,13:53:02
EIN2AJ,2021-09-25,13:53:02
BAW87,2021-09-25,13:54:02
ACA881,2021-09-25,13:54:02
NJE239T,2021-09-25,13:55:02
EXS6XD,2021-09-25,13:55:02
KLM1713,2021-09-25,13:57:02
RYR44FA,2021-09-25,13:57:02
TOM27G,2021-09-25,13:57:02
RYR1TY,2021-09-25,13:59:02
SWR30K,2021-09-25,13:59:02
NJE712E,2021-09-25,14:00:02
EXS66FT,2021-09-25,14:00:02
BAW2694,2021-09-25,14:01:02
EXS1YW,2021-09-25,14:02:02
AHO550Z,2021-09-25,14:03:02
EXS902,2021-09-25,14:03:02
VIR11B,2021-09-25,14:04:02
TOM1DC,2021-09-25,14:05:02
EXS46RA,2021-09-25,14:06:02
BAW125,2021-09-25,14:06:02
RYR21ZB,2021-09-25,14:06:02
PVD52Y,2021-09-25,14:08:02
CFG2166,2021-09-25,14:08:02
VIR519,2021-09-25,14:08:02
VIR24M,2021-09-25,14:09:02
TOM21E,2021-09-25,14:10:02
AUR31K,2021-09-25,14:12:02
UAL900,2021-09-25,14:12:02
BAW2693,2021-09-25,14:12:02
ACA891,2021-09-25,14:12:02
BAW886Q,2021-09-25,14:15:02
BAW642,2021-09-25,14:15:02
ACA899,2021-09-25,14:16:02
UAL986,2021-09-25,14:17:02
SHT7B,2021-09-25,14:17:02
RYR7PA,2021-09-25,14:19:02
UAL125,2021-09-25,14:20:02
ACA857,2021-09-25,14:20:02
BAW209,2021-09-25,14:21:02
EZY56RH,2021-09-25,14:22:02
BAW263,2021-09-25,14:22:02
TOM8VD,2021-09-25,14:23:02
BAW31F,2021-09-25,14:27:02
BAW75,2021-09-25,14:28:02
EZY285R,2021-09-25,14:30:02
BAW556Q,2021-09-25,14:30:02
AFR356,2021-09-25,14:30:02
RYR1X,2021-09-25,14:30:02
RYR4GR,2021-09-25,14:31:02
EZY76CR,2021-09-25,14:32:02
EXS29JF,2021-09-25,14:32:02
ACA861,2021-09-25,14:32:02
EIN441,2021-09-25,14:33:02
RYR3ME,2021-09-25,14:33:02
GAC276T,2021-09-25,14:33:02
BAW644X,2021-09-25,14:34:02
JBU20,2021-09-25,14:35:02
EXS1UG,2021-09-25,14:36:02
EIN38W,2021-09-25,14:37:02
TOM74Y,2021-09-25,14:38:02
BAW2772,2021-09-25,14:39:02
EIN52V,2021-09-25,14:40:02
SAS2903,2021-09-25,14:40:02
DAL185,2021-09-25,14:41:02
ACA897,2021-09-25,14:41:02
EXS2YU,2021-09-25,14:41:02
ABB125,2021-09-25,14:42:02
EXS3UZ,2021-09-25,14:42:02
TRA6671,2021-09-25,14:42:02
EZY16ZD,2021-09-25,14:43:02
RYR9RU,2021-09-25,14:43:02
QGA320F,2021-09-25,14:43:02
BAW27CE,2021-09-25,14:43:02
EZY45QN,2021-09-25,14:44:02
EJU18TN,2021-09-25,14:44:02
EXS661,2021-09-25,14:44:02
VCJ92T,2021-09-25,14:45:02
BAW910N,2021-09-25,14:46:02
TRA91C,2021-09-25,14:46:02
AHO814K,2021-09-25,14:46:02
BAW8C,2021-09-25,14:47:02
VJT547,2021-09-25,14:47:02
BAW81,2021-09-25,14:48:02
BAW287,2021-09-25,14:48:02
EXS53CT,2021-09-25,14:49:02
BAW2610,2021-09-25,14:50:02
AZG4781,2021-09-25,14:50:02
EZY3571,2021-09-25,14:51:02
RUN404,2021-09-25,14:52:02
VIR23J,2021-09-25,14:52:02
RYR15GL,2021-09-25,14:55:02
RYR20KC,2021-09-25,14:55:02
EXS83MA,2021-09-25,14:56:02
BAW49,2021-09-25,14:56:02
EXS21VR,2021-09-25,14:56:02
BAW485,2021-09-25,14:57:02
BAW25PM,2021-09-25,14:58:02
EZY84TV,2021-09-25,14:58:02
MAGMA,2021-09-25,14:58:02
EZY25UK,2021-09-25,14:59:02
RYR5987,2021-09-25,14:59:02
BAW27BZ,2021-09-25,15:00:02
EZY58KJ,2021-09-25,15:02:02
BAW354N,2021-09-25,15:02:02
GLJ33LE,2021-09-25,15:02:02
TOM3YV,2021-09-25,15:04:02
ROT392W,2021-09-25,15:04:02
EXS34YZ,2021-09-25,15:04:02
BAW27GP,2021-09-25,15:05:02
WUK5156,2021-09-25,15:05:02
RYR63TG,2021-09-25,15:06:02
VIR103M,2021-09-25,15:07:02
RUK3557,2021-09-25,15:07:02
EXS1273,2021-09-25,15:07:02
BAW501,2021-09-25,15:08:02
THY6558,2021-09-25,15:11:02
RYR42TM,2021-09-25,15:12:02
RYR258R,2021-09-25,15:13:02
AAL759,2021-09-25,15:14:02
EXS6BZ,2021-09-25,15:15:02
TOM48M,2021-09-25,15:15:02
SHT9J,2021-09-25,15:15:02
MSR778,2021-09-25,15:16:02
SXN30P,2021-09-25,15:17:02
BAW15K,2021-09-25,15:18:02
RUK3033,2021-09-25,15:19:02
TOM78L,2021-09-25,15:20:02
FRF300,2021-09-25,15:21:02
EZY12BJ,2021-09-25,15:21:02
BAW413,2021-09-25,15:21:02
JFA08K,2021-09-25,15:22:02
SAS1937,2021-09-25,15:22:02
BOH622,2021-09-25,15:24:02
RYR46JX,2021-09-25,15:25:02
RYR29TH,2021-09-25,15:25:02
BAW690,2021-09-25,15:26:02
EZY1939,2021-09-25,15:26:02
EIN239,2021-09-25,15:27:02
VIR45W,2021-09-25,15:28:02
EZY29MQ,2021-09-25,15:28:02
QTR004,2021-09-25,15:29:02
TRA5683,2021-09-25,15:31:02
EZY83MJ,2021-09-25,15:31:02
TOM3EJ,2021-09-25,15:33:02
BAW2644,2021-09-25,15:33:02
TAP1368,2021-09-25,15:33:02
BAW2MH,2021-09-25,15:34:02
AFR136,2021-09-25,15:35:02
SHT18V,2021-09-25,15:35:02
BAW41B,2021-09-25,15:36:02
EZY26QW,2021-09-25,15:36:02
RYR8CW,2021-09-25,15:36:02
NAX99Z,2021-09-25,15:37:02
RYR65KJ,2021-09-25,15:38:02
BAW5LI,2021-09-25,15:38:02
BAW2715,2021-09-25,15:40:02
AMC101,2021-09-25,15:41:02
RYR3WN,2021-09-25,15:41:02
BAW2646,2021-09-25,15:43:02
2EASY,2021-09-25,15:43:02
AFR694,2021-09-25,15:44:02
VIR412W,2021-09-25,15:44:02
RYR4QZ,2021-09-25,15:44:02
KLM125,2021-09-25,15:44:02
BAW243,2021-09-25,15:45:02
EIN543,2021-09-25,15:46:02
P4AND,2021-09-25,15:46:02
VIR505,2021-09-25,15:47:02
RYR4XC,2021-09-25,15:47:02
ASJ200,2021-09-25,15:50:02
EXS31U,2021-09-25,15:50:02
DLH1U,2021-09-25,15:50:02
EZY53ZY,2021-09-25,15:50:02
SHJ01,2021-09-25,15:51:03
BAW606T,2021-09-25,15:52:02
BOX461,2021-09-25,15:54:02
RYR3526,2021-09-25,15:54:02
N156QS,2021-09-25,15:54:02
NAX84M,2021-09-25,15:55:02
P4BBJ,2021-09-25,15:55:02
TOM3AL,2021-09-25,15:55:02
MAA2550,2021-09-25,15:56:02
SHT88C,2021-09-25,15:57:02
EZY36DC,2021-09-25,16:00:02
BAW2632,2021-09-25,16:00:02
THY1,2021-09-25,16:02:02
TIE09EF,2021-09-25,16:02:02
RYR1FB,2021-09-25,16:02:02
MOEPL,2021-09-25,16:03:02
BAW246,2021-09-25,16:03:02
TIE98BM,2021-09-25,16:03:02
BAW348K,2021-09-25,16:05:02
CLX97F,2021-09-25,16:05:02
SHT1466,2021-09-25,16:06:02
EZY2058,2021-09-25,16:08:02
RYR112Q,2021-09-25,16:08:02
BAW200M,2021-09-25,16:09:02
SHT8A,2021-09-25,16:09:02
KLM51R,2021-09-25,16:10:02
RYR838M,2021-09-25,16:10:02
AHO362R,2021-09-25,16:12:02
EXS2GE,2021-09-25,16:12:02
EZY35DP,2021-09-25,16:13:02
BAW2594,2021-09-25,16:16:02
RYR43CA,2021-09-25,16:16:02
CLX67U,2021-09-25,16:16:02
BAW442,2021-09-25,16:17:02
BAW2725,2021-09-25,16:17:02
NCR803,2021-09-25,16:18:02
RAM800F,2021-09-25,16:18:02
EIN4CA,2021-09-25,16:18:02
TOM50M,2021-09-25,16:18:02
EXS69PU,2021-09-25,16:19:02
BCS6717,2021-09-25,16:19:02
VIR695,2021-09-25,16:20:02
GLENI,2021-09-25,16:20:02
RYR941K,2021-09-25,16:21:02
BAW374,2021-09-25,16:22:02
UAE9944,2021-09-25,16:24:02
EZY85DN,2021-09-25,16:26:02
BAW734,2021-09-25,16:27:02
BAW542,2021-09-25,16:28:02
RYR77FZ,2021-09-25,16:30:02
EXS98H,2021-09-25,16:31:02
BAW493U,2021-09-25,16:34:02
RYR345,2021-09-25,16:34:02
BAW840,2021-09-25,16:35:02
EZY91XU,2021-09-25,16:35:02
BAW2773,2021-09-25,16:36:02
BAW7TG,2021-09-25,16:36:02
AFR342,2021-09-25,16:40:02
AEE8SE,2021-09-25,16:40:02
DLH972,2021-09-25,16:41:02
ART1650,2021-09-25,16:42:02
RYR3ZX,2021-09-25,16:42:02
RYR49UK,2021-09-25,16:42:02
BAW515,2021-09-25,16:45:02
RYR7UG,2021-09-25,16:45:02
ICL961,2021-09-25,16:45:02
THY9LK,2021-09-25,16:45:02
TOM72K,2021-09-25,16:46:02
BAW297,2021-09-25,16:46:02
IBE3166,2021-09-25,16:47:02
AXY2507,2021-09-25,16:47:02
TAP1361,2021-09-25,16:49:02
BAW938,2021-09-25,16:49:02
FLJ51S,2021-09-25,16:50:02
SHT6F,2021-09-25,16:50:02
UAL925,2021-09-25,16:52:02
SWR45G,2021-09-25,16:53:02
EXS34NR,2021-09-25,16:53:02
VJT938,2021-09-25,16:56:02
CTN82W,2021-09-25,16:56:02
RYR6GP,2021-09-25,16:57:02
AFR378,2021-09-25,16:57:02
EXS1VE,2021-09-25,16:57:02
RYR6JZ,2021-09-25,16:59:02
QTR83J,2021-09-25,17:00:02
BAW240F,2021-09-25,17:01:02
RYR397L,2021-09-25,17:03:02
TOM5YW,2021-09-25,17:03:02
EIN5PK,2021-09-25,17:04:02
IJM613,2021-09-25,17:04:02
BAW680,2021-09-25,17:05:02
EZY64TA,2021-09-25,17:06:02
BAW269,2021-09-25,17:07:02
VXS4,2021-09-25,17:07:02
EXS1507,2021-09-25,17:07:02
RYR52CN,2021-09-25,17:08:02
VIR539,2021-09-25,17:09:02
ELJ202,2021-09-25,17:09:02
BAW2665,2021-09-25,17:12:02
RYR961R,2021-09-25,17:12:02
RYR8217,2021-09-25,17:12:02
VCG2PJ,2021-09-25,17:13:02
RYR1613,2021-09-25,17:13:02
FDX5393,2021-09-25,17:14:02
SVA112,2021-09-25,17:16:02
RYR9DP,2021-09-25,17:16:02
EXS8YM,2021-09-25,17:16:02
EZY38GL,2021-09-25,17:17:02
RYR8088,2021-09-25,17:18:02
EZY93UB,2021-09-25,17:18:02
EZY46TL,2021-09-25,17:19:02
RRR4504,2021-09-25,17:19:02
BAW2781,2021-09-25,17:20:02
92P,2021-09-25,17:20:02
AAL135,2021-09-25,17:21:02
KLM16K,2021-09-25,17:22:02
LOG49KJ,2021-09-25,17:23:02
EXS4TB,2021-09-25,17:23:02
EZY34NL,2021-09-25,17:24:02
EXS32M,2021-09-25,17:24:02
RAM804,2021-09-25,17:28:02
AAL141,2021-09-25,17:28:02
RYR45MD,2021-09-25,17:29:02
RYR5BX,2021-09-25,17:29:02
EXS29B,2021-09-25,17:30:02
NAX8PE,2021-09-25,17:32:02
JFA09L,2021-09-25,17:32:02
N20TB,2021-09-25,17:33:02
KLM48R,2021-09-25,17:33:02
BAW21G,2021-09-25,17:34:02
PHCJM,2021-09-25,17:35:02
RYR1QY,2021-09-25,17:35:02
RYR282E,2021-09-25,17:36:02
BAW99,2021-09-25,17:36:02
GBOKA,2021-09-25,17:39:02
BAW5VY,2021-09-25,17:39:02
BAW622,2021-09-25,17:40:02
BAW53KP,2021-09-25,17:40:02
RYR23JB,2021-09-25,17:41:02
KLM72M,2021-09-25,17:41:02
EZY37YG,2021-09-25,17:42:02
RYR43SU,2021-09-25,17:42:02
WUK1149,2021-09-25,17:43:02
AFL2583,2021-09-25,17:47:02
AFR37CD,2021-09-25,17:47:02
RYR7NY,2021-09-25,17:49:02
AFR42AU,2021-09-25,17:51:02
SWR52,2021-09-25,17:52:02
RYR9CY,2021-09-25,17:52:02
EIN4MK,2021-09-25,17:53:02
BAW731D,2021-09-25,17:53:02
BAW718,2021-09-25,17:54:02
RYR11NJ,2021-09-25,17:54:02
SHADO77,2021-09-25,17:57:02
BAW407,2021-09-25,17:57:02
BAW596,2021-09-25,17:58:02
RYR5GM,2021-09-25,17:59:02
EZY16CG,2021-09-25,17:59:02
RYR9QF,2021-09-25,18:00:03
EZY703,2021-09-25,18:01:02
EIN386,2021-09-25,18:01:02
BAW356,2021-09-25,18:03:02
SHT8H,2021-09-25,18:04:02
BAW400,2021-09-25,18:05:02
RUK1364,2021-09-25,18:05:02
DLH973,2021-09-25,18:06:02
AFR77LD,2021-09-25,18:08:02
TOGO01,2021-09-25,18:09:02
RAM801F,2021-09-25,18:11:02
BAW293,2021-09-25,18:13:02
EZY21DQ,2021-09-25,18:15:02
BAW82DM,2021-09-25,18:16:02
RYR40EU,2021-09-25,18:17:02
RWD701,2021-09-25,18:19:02
BAW491U,2021-09-25,18:21:02
VLG90AX,2021-09-25,18:21:02
RYR26SW,2021-09-25,18:23:02
SWR18,2021-09-25,18:23:02
CLX54W,2021-09-25,18:26:02
TRA90P,2021-09-25,18:30:02
RYR9KT,2021-09-25,18:33:02
BAW179,2021-09-25,18:33:02
2EMBR,2021-09-25,18:34:02
BAW299,2021-09-25,18:35:02
BAW2729,2021-09-25,18:36:02
RYR5988,2021-09-25,18:37:02
FDX2,2021-09-25,18:38:02
FOX1207,2021-09-25,18:38:02
RRR4941,2021-09-25,18:38:02
RYR10XE,2021-09-25,18:39:02
AFR348,2021-09-25,18:41:02
RYR1TW,2021-09-25,18:41:02
BAW2799,2021-09-25,18:43:02
FIN4CE,2021-09-25,18:44:02
BAW16GM,2021-09-25,18:48:02
RYR12DX,2021-09-25,18:50:02
SHT14P,2021-09-25,18:51:02
BCS89N,2021-09-25,18:54:02
RYR7787,2021-09-25,18:55:02
RYR8AR,2021-09-25,18:57:02
SVA903,2021-09-25,18:58:02
AHY108,2021-09-25,18:59:02
RYR32HF,2021-09-25,19:00:02
RYR372K,2021-09-25,19:01:02
RYR709E,2021-09-25,19:02:02
PVD17H,2021-09-25,19:02:02
VLG71SQ,2021-09-25,19:03:02
RAM805,2021-09-25,19:03:02
RYR899U,2021-09-25,19:04:02
BAW482P,2021-09-25,19:07:02
RYR3DK,2021-09-25,19:08:02
RYR919X,2021-09-25,19:08:02
MFUAD,2021-09-25,19:09:02
TBJ03,2021-09-25,19:09:02
FDX5081,2021-09-25,19:10:02
GGARE,2021-09-25,19:10:02
RYR6BR,2021-09-25,19:12:02
TAP1357,2021-09-25,19:13:02
AHO365B,2021-09-25,19:15:02
RYR3LG,2021-09-25,19:15:02
NJE836C,2021-09-25,19:17:02
BAW986,2021-09-25,19:18:02
BAW31,2021-09-25,19:18:02
SHT18E,2021-09-25,19:21:02
N719EL,2021-09-25,19:21:02
VIR25B,2021-09-25,19:24:02
SHT7X,2021-09-25,19:26:02
SWR37G,2021-09-25,19:26:02
EZY52TD,2021-09-25,19:29:02
BAW57K,2021-09-25,19:29:02
RYR13CX,2021-09-25,19:29:02
BAW338,2021-09-25,19:31:02
IBE3167,2021-09-25,19:33:02
RYR5,2021-09-25,19:33:02
VIR26Q,2021-09-25,19:35:02
NJE582H,2021-09-25,19:36:02
EIN1YG,2021-09-25,19:38:03
RYR430C,2021-09-25,19:39:02
QTR8893,2021-09-25,19:40:02
SVA118,2021-09-25,19:40:02
BAW2573,2021-09-25,19:44:02
SHT6E,2021-09-25,19:46:02
CBJ196,2021-09-25,19:47:02
RYR6KF,2021-09-25,19:48:02
BAW2695,2021-09-25,19:48:02
EIN93X,2021-09-25,19:50:02
ATG4403,2021-09-25,19:52:02
ELJ702,2021-09-25,19:52:02
SHT86P,2021-09-25,19:56:02
JAL44,2021-09-25,19:56:02
AZA249,2021-09-25,19:58:02
AUA4DL,2021-09-25,19:59:02
BAW326,2021-09-25,20:02:02
BAW786F,2021-09-25,20:04:02
SHT12T,2021-09-25,20:07:02
BAW54L,2021-09-25,20:10:02
SHT2R,2021-09-25,20:11:02
ICV67G,2021-09-25,20:13:02
TAP783J,2021-09-25,20:13:02
SHT8V,2021-09-25,20:16:02
RYR69JA,2021-09-25,20:19:02
VLG25XF,2021-09-25,20:21:02
RYR80CU,2021-09-25,20:21:02
KFB998,2021-09-25,20:23:02
EZY27XT,2021-09-25,20:24:02
RYR38JG,2021-09-25,20:26:02
BAW411,2021-09-25,20:29:02
TOM23A,2021-09-25,20:31:02
BAW26AV,2021-09-25,20:31:02
CLU5439,2021-09-25,20:32:02
KLM37W,2021-09-25,20:32:02
RYR7JP,2021-09-25,20:33:02
BAW2778,2021-09-25,20:34:02
RYR3CP,2021-09-25,20:34:02
AWC542,2021-09-25,20:35:02
EZY54RV,2021-09-25,20:37:02
FOX1231,2021-09-25,20:41:02
KLM1697,2021-09-25,20:42:02
SHT6M,2021-09-25,20:42:02
EZY704,2021-09-25,20:43:02
EZY26AY,2021-09-25,20:44:02
BAW958M,2021-09-25,20:46:02
EZY5102,2021-09-25,20:46:02
SAS4698,2021-09-25,20:48:02
VIR238,2021-09-25,20:49:02
BAW820,2021-09-25,20:52:02
CJT1895,2021-09-25,20:52:02
AFR98PG,2021-09-25,20:52:02
BAW2731,2021-09-25,20:53:02
RYR268N,2021-09-25,20:54:02
NAX35U,2021-09-25,20:54:02
AFR6736,2021-09-25,20:55:02
CLX6606,2021-09-25,20:57:02
RYR1SN,2021-09-25,20:57:02
ETD69K,2021-09-25,20:58:02
RYR27FW,2021-09-25,20:58:02
BAW503,2021-09-25,20:58:02
RRR6679,2021-09-25,21:00:02
KAL504,2021-09-25,21:01:02
EZY41DC,2021-09-25,21:01:02
SIA319,2021-09-25,21:08:02
NAX85T,2021-09-25,21:10:02
AAR522,2021-09-25,21:15:02
KQA2101,2021-09-25,21:16:02
BAW2633,2021-09-25,21:16:02
BAW27,2021-09-25,21:22:02
RYR1NJ,2021-09-25,21:23:02
KLM701,2021-09-25,21:24:03
ETH701,2021-09-25,21:25:02
RYR73YU,2021-09-25,21:35:02
NAX1833,2021-09-25,21:38:02
QTR8151,2021-09-25,21:39:02
TOM2JH,2021-09-25,21:41:02
RYR21NT,2021-09-25,21:42:02
SIA7393,2021-09-25,21:45:02
BAW2601,2021-09-25,21:54:02
RYR519A,2021-09-25,21:55:02
RYR4LN,2021-09-25,21:55:02
BAW900A,2021-09-25,21:56:02
QTR8143,2021-09-25,21:56:02
VJT929,2021-09-25,21:59:02
NAX1793,2021-09-25,22:01:03
RYR38LM,2021-09-25,22:01:03
EZY26PE,2021-09-25,22:05:02
NJE419M,2021-09-25,22:06:02
QTR7AR,2021-09-25,22:13:02
BAW415,2021-09-25,22:13:02
EZY92QA,2021-09-25,22:16:02
AMX026,2021-09-25,22:19:02
NAX17Q,2021-09-25,22:21:02
VIR449,2021-09-25,22:24:02
TAY289P,2021-09-25,22:25:02
RYR6PX,2021-09-25,22:26:02
RYR58ZB,2021-09-25,22:28:02
UAE6,2021-09-25,22:32:02
RUK3034,2021-09-25,22:34:02
BAW507,2021-09-25,22:36:02
BCS6756,2021-09-25,22:39:03
RYR7QC,2021-09-25,22:42:02
BAW2HK,2021-09-25,22:43:02
VIR206,2021-09-25,22:43:02
RYR4PB,2021-09-25,22:44:02
VIR411Y,2021-09-25,22:44:02
RYR2KM,2021-09-25,22:46:02
EZY53XR,2021-09-25,22:47:02
BAW83,2021-09-25,22:48:02
RYR5AH,2021-09-25,22:48:02
RYR99KP,2021-09-25,22:53:02
RYR1KR,2021-09-25,23:01:02
RYR97JH,2021-09-25,23:01:02
EZY49CG,2021-09-25,23:05:02
GTI4766,2021-09-25,23:06:02
RYR7GG,2021-09-25,23:10:02
BAW259,2021-09-25,23:11:02
EIN799,2021-09-25,23:15:02
EZY61AR,2021-09-25,23:16:02
RYR01V,2021-09-25,23:18:02
ABD4501,2021-09-25,23:21:02
RYR4ZD,2021-09-25,23:35:02
TOM76M,2021-09-25,23:45:02
EZY91UW,2021-09-25,23:46:02
EZY82YV,2021-09-25,23:53:02
