flight,date,time
CEF05B,2022-11-17,00:04:02
GES441S,2022-11-17,00:08:02
MABJA,2022-11-17,00:23:02
N84AW,2022-11-17,00:23:02
AHO674F,2022-11-17,00:43:02
WUK5930,2022-11-17,00:55:02
QTR8186,2022-11-17,01:04:02
MNB225,2022-11-17,01:12:02
BCS461,2022-11-17,01:16:02
BCS453,2022-11-17,01:21:02
UPS217,2022-11-17,01:52:02
ABX957,2022-11-17,02:03:02
BCS92L,2022-11-17,02:15:02
ABX983,2022-11-17,02:17:02
BCS6YG,2022-11-17,02:24:02
BOX193,2022-11-17,02:42:02
DLH423,2022-11-17,02:50:02
BCS463,2022-11-17,02:58:02
ETH574,2022-11-17,02:59:02
DLH401,2022-11-17,03:01:02
UPS229,2022-11-17,03:13:02
FDX95,2022-11-17,03:25:02
BCS2213,2022-11-17,03:28:02
ETH500,2022-11-17,03:30:02
BCS464,2022-11-17,03:31:02
AFR6743,2022-11-17,03:35:02
UAL944,2022-11-17,03:38:02
BCS2886,2022-11-17,03:42:02
FDX5202,2022-11-17,03:42:02
FDX5219,2022-11-17,03:43:03
FDX5047,2022-11-17,03:45:02
TAY4617,2022-11-17,03:46:02
IMX492,2022-11-17,03:47:02
ETH552,2022-11-17,03:50:02
DLH443,2022-11-17,03:59:02
ACA840,2022-11-17,04:14:02
AFR271,2022-11-17,04:14:02
ABD713,2022-11-17,04:16:02
FPO4294,2022-11-17,04:24:02
UAL30,2022-11-17,04:26:02
BAW74,2022-11-17,04:39:02
AJT8321,2022-11-17,04:40:02
UAL989,2022-11-17,04:41:02
QFA9,2022-11-17,04:41:02
BAW262,2022-11-17,04:46:02
OCN51,2022-11-17,04:58:02
UAL52,2022-11-17,05:04:02
AAL704,2022-11-17,05:05:02
IMX359,2022-11-17,05:06:02
DAL86,2022-11-17,05:17:02
JBU1620,2022-11-17,05:18:02
BAW25GP,2022-11-17,05:20:02
CPA251,2022-11-17,05:25:02
ACA844,2022-11-17,05:27:02
SVA119,2022-11-17,05:27:02
DLH403,2022-11-17,05:27:02
BAW78,2022-11-17,05:28:02
SIA322,2022-11-17,05:31:02
DLH431,2022-11-17,05:32:02
BAW5CA,2022-11-17,05:33:02
KLM734,2022-11-17,05:33:02
UAL950,2022-11-17,05:34:02
BAW2CM,2022-11-17,05:38:02
BCS2696,2022-11-17,05:39:02
BAW9E,2022-11-17,05:42:02
QTR8156,2022-11-17,05:42:02
AAL70,2022-11-17,05:43:02
DLH419,2022-11-17,05:44:02
AAL20,2022-11-17,05:44:02
CFG2403,2022-11-17,05:45:02
VIR4C,2022-11-17,05:45:02
OCN79,2022-11-17,05:48:02
AUA74,2022-11-17,05:51:02
BAW32N,2022-11-17,05:52:02
DLH449,2022-11-17,05:52:02
VIR104L,2022-11-17,05:52:02
UAL918,2022-11-17,05:52:02
UAL958,2022-11-17,05:54:02
N583GD,2022-11-17,05:55:02
VIR118,2022-11-17,05:55:02
ACA886,2022-11-17,05:56:02
DAL16,2022-11-17,05:59:02
UPS218,2022-11-17,05:59:02
BAW6W,2022-11-17,05:59:02
BCS301,2022-11-17,06:00:02
DHK078,2022-11-17,06:01:02
AAL174,2022-11-17,06:02:02
WUK6311,2022-11-17,06:04:02
BAW40F,2022-11-17,06:04:02
DAL106,2022-11-17,06:06:02
AAL730,2022-11-17,06:08:02
WUK188P,2022-11-17,06:08:02
BAW18B,2022-11-17,06:08:02
UAL14,2022-11-17,06:08:02
BAW124,2022-11-17,06:09:02
TFL703,2022-11-17,06:11:02
BAW66V,2022-11-17,06:11:02
VIR92,2022-11-17,06:12:02
LOT6502,2022-11-17,06:12:02
N18UD,2022-11-17,06:13:02
BEL52B,2022-11-17,06:14:02
DAL130,2022-11-17,06:14:02
TRA26U,2022-11-17,06:15:02
AUA4M,2022-11-17,06:17:02
RYR6BQ,2022-11-17,06:18:02
RYR34VX,2022-11-17,06:18:02
ABR1630,2022-11-17,06:19:02
KLM1058,2022-11-17,06:19:02
UAL999,2022-11-17,06:19:02
BAW246,2022-11-17,06:20:02
BAW81V,2022-11-17,06:20:02
VIR46K,2022-11-17,06:20:02
THA910,2022-11-17,06:20:02
ETH700,2022-11-17,06:21:02
AAL100,2022-11-17,06:21:02
TAP63V,2022-11-17,06:22:02
DAL58,2022-11-17,06:22:02
RUK11DM,2022-11-17,06:23:02
EZY75FD,2022-11-17,06:23:02
KLM1046,2022-11-17,06:24:02
BAW176A,2022-11-17,06:27:02
BAW389,2022-11-17,06:28:02
BAW20R,2022-11-17,06:28:02
BAW138,2022-11-17,06:28:02
SWR79MG,2022-11-17,06:30:02
CPA255,2022-11-17,06:30:02
DHK793,2022-11-17,06:31:02
ACA864,2022-11-17,06:32:02
AFR93ZV,2022-11-17,06:33:02
UAL102,2022-11-17,06:35:02
GTI5219,2022-11-17,06:35:02
DLH439,2022-11-17,06:36:02
AFR92HH,2022-11-17,06:38:02
DAL30,2022-11-17,06:40:02
RCH841,2022-11-17,06:41:02
ACA832,2022-11-17,06:42:02
SLM994,2022-11-17,06:43:02
RUK5BH,2022-11-17,06:44:02
BAW812,2022-11-17,06:45:02
JAF016F,2022-11-17,06:45:02
DLH441,2022-11-17,06:46:02
DAL14,2022-11-17,06:47:02
UAL880,2022-11-17,06:47:02
DLH8PL,2022-11-17,06:48:02
DAL140,2022-11-17,06:48:02
EZY13RW,2022-11-17,06:48:02
DLH469,2022-11-17,06:49:02
SAS87D,2022-11-17,06:49:02
DLH425,2022-11-17,06:49:02
BCS3TW,2022-11-17,06:51:02
LOT286,2022-11-17,06:51:02
SHT3G,2022-11-17,06:52:02
BEL9HZ,2022-11-17,06:52:02
EZY32VP,2022-11-17,06:52:02
WUK5983,2022-11-17,06:53:02
ABX946,2022-11-17,06:53:02
UAE3JF,2022-11-17,06:53:02
SHT4A,2022-11-17,06:54:02
SVA111,2022-11-17,06:55:02
IFA6477,2022-11-17,06:56:02
RUK5Y,2022-11-17,06:56:02
DAL10,2022-11-17,06:56:02
UAL960,2022-11-17,06:56:02
BAW456,2022-11-17,06:57:02
CHG591,2022-11-17,06:57:02
EIN8CK,2022-11-17,06:58:02
EWG6HY,2022-11-17,06:58:02
SAS500,2022-11-17,06:59:02
EZY42LR,2022-11-17,06:59:02
BEL11Y,2022-11-17,06:59:02
DAL48,2022-11-17,06:59:02
EZY84FY,2022-11-17,07:00:02
AFR37UP,2022-11-17,07:01:02
QFA1,2022-11-17,07:01:02
RYR5WM,2022-11-17,07:01:02
DAL1,2022-11-17,07:02:02
SAS1530,2022-11-17,07:02:02
VIR106F,2022-11-17,07:03:02
BAW4AB,2022-11-17,07:04:02
EWG3HX,2022-11-17,07:05:02
RYR3UX,2022-11-17,07:05:02
AFR56CB,2022-11-17,07:06:02
AFR62NJ,2022-11-17,07:07:02
RYR70YG,2022-11-17,07:07:02
SHT18Z,2022-11-17,07:08:02
BAW116,2022-11-17,07:08:02
SWR9UE,2022-11-17,07:09:02
AFR29ZW,2022-11-17,07:09:02
EZY47XQ,2022-11-17,07:11:02
WUK1162,2022-11-17,07:11:02
BAW48HY,2022-11-17,07:11:02
RYR3205,2022-11-17,07:12:02
N284SE,2022-11-17,07:12:02
DLH3LY,2022-11-17,07:13:02
N1TF,2022-11-17,07:13:02
TRA8B,2022-11-17,07:14:02
EZY78TL,2022-11-17,07:15:02
BEE83A,2022-11-17,07:16:02
ABR551,2022-11-17,07:16:02
BAW811,2022-11-17,07:17:02
BAW724,2022-11-17,07:17:02
RYR378F,2022-11-17,07:17:02
RYR68VQ,2022-11-17,07:17:02
SHT2L,2022-11-17,07:18:02
EZY59NJ,2022-11-17,07:18:02
BAW2AM,2022-11-17,07:18:02
VKG818,2022-11-17,07:18:02
UAL953,2022-11-17,07:19:02
BAW963H,2022-11-17,07:19:02
BAW948M,2022-11-17,07:20:02
AAL86,2022-11-17,07:20:02
BAW84W,2022-11-17,07:21:02
SHT19S,2022-11-17,07:21:02
RYR4QT,2022-11-17,07:21:02
KLM31A,2022-11-17,07:21:02
EWG7ST,2022-11-17,07:22:02
SAS802,2022-11-17,07:23:02
BAW902N,2022-11-17,07:23:02
UAL194,2022-11-17,07:23:02
UAL110,2022-11-17,07:24:02
BEL62E,2022-11-17,07:25:02
RYR41EV,2022-11-17,07:25:02
BAW964H,2022-11-17,07:26:02
KLM702,2022-11-17,07:27:02
UAL182,2022-11-17,07:27:02
WUK2,2022-11-17,07:27:02
VIR303,2022-11-17,07:28:02
JAF111,2022-11-17,07:29:02
BAW853S,2022-11-17,07:29:02
BAW68H,2022-11-17,07:29:02
RYR963L,2022-11-17,07:30:02
BAW5PT,2022-11-17,07:30:02
CLX35Q,2022-11-17,07:30:02
BAW2704,2022-11-17,07:31:02
BAW5CR,2022-11-17,07:32:02
DLH481,2022-11-17,07:32:02
BAW935,2022-11-17,07:32:02
EWG8V,2022-11-17,07:33:02
JME515U,2022-11-17,07:33:02
EZY42TJ,2022-11-17,07:33:02
RYR9084,2022-11-17,07:33:02
AAL106,2022-11-17,07:34:02
THY7XS,2022-11-17,07:35:03
RYR2YC,2022-11-17,07:35:03
RYR58JR,2022-11-17,07:35:03
BAW8NG,2022-11-17,07:37:02
EZY43HA,2022-11-17,07:37:02
BAW990,2022-11-17,07:39:02
RYR50XB,2022-11-17,07:39:02
WUK95,2022-11-17,07:39:02
DLH5AF,2022-11-17,07:39:02
BAW377,2022-11-17,07:40:02
BAW304,2022-11-17,07:41:02
EJU32JR,2022-11-17,07:41:02
SHT13C,2022-11-17,07:41:02
RYR9SD,2022-11-17,07:41:02
REV964,2022-11-17,07:42:02
BAW776F,2022-11-17,07:43:02
EZY2083,2022-11-17,07:43:02
RYR5GD,2022-11-17,07:44:02
BAW696V,2022-11-17,07:44:02
FIN2AT,2022-11-17,07:45:02
CLX6684,2022-11-17,07:45:02
EZY59GT,2022-11-17,07:45:02
DLH3EP,2022-11-17,07:46:02
SIA25,2022-11-17,07:47:02
EIN23F,2022-11-17,07:47:02
AAL108,2022-11-17,07:47:02
SHT6G,2022-11-17,07:48:02
UAL931,2022-11-17,07:48:02
UAL972,2022-11-17,07:48:02
AUA45G,2022-11-17,07:48:02
BAW366U,2022-11-17,07:49:02
EXS9EW,2022-11-17,07:49:02
EIN52A,2022-11-17,07:49:02
SIA306,2022-11-17,07:49:02
BCS384,2022-11-17,07:50:02
MMD3116,2022-11-17,07:50:02
DLH6U,2022-11-17,07:52:02
RYR1RF,2022-11-17,07:52:02
RYR7ST,2022-11-17,07:52:02
SHT7S,2022-11-17,07:52:02
VIR222,2022-11-17,07:53:02
EZY39WG,2022-11-17,07:53:02
BAW7MY,2022-11-17,07:54:02
BAW21TD,2022-11-17,07:54:02
EIN63N,2022-11-17,07:55:02
EZY17ML,2022-11-17,07:55:02
SHT9U,2022-11-17,07:55:02
BAW564Y,2022-11-17,07:56:02
ACA834,2022-11-17,07:56:02
EZY91WL,2022-11-17,07:56:02
RYR66VW,2022-11-17,07:56:02
EZY78VN,2022-11-17,07:56:02
DCS705,2022-11-17,07:57:02
EZY65GH,2022-11-17,07:57:02
VTB600,2022-11-17,07:57:02
KLM1049,2022-11-17,07:57:02
ETH728,2022-11-17,07:58:02
BBC306,2022-11-17,07:58:02
BAW1339,2022-11-17,07:58:02
EIN1LT,2022-11-17,07:59:02
EZY87LD,2022-11-17,08:00:02
IBE31EM,2022-11-17,08:00:02
DLH413,2022-11-17,08:00:02
EZY93DH,2022-11-17,08:01:02
BAW901U,2022-11-17,08:01:02
BAW478S,2022-11-17,08:01:02
BAW94,2022-11-17,08:01:02
KLM83F,2022-11-17,08:02:02
RYR98HH,2022-11-17,08:02:02
RYR2LH,2022-11-17,08:02:02
TSC110,2022-11-17,08:03:02
RYR8,2022-11-17,08:03:02
BAW1340,2022-11-17,08:03:02
EIN151,2022-11-17,08:04:02
UAL58,2022-11-17,08:04:02
EZY56NR,2022-11-17,08:04:02
JAF6GJ,2022-11-17,08:05:02
RYR5995,2022-11-17,08:05:02
N998R,2022-11-17,08:05:02
EZY48FQ,2022-11-17,08:05:02
BAW5RI,2022-11-17,08:06:02
WZZ1299,2022-11-17,08:06:02
FDX25,2022-11-17,08:06:02
SXFLY,2022-11-17,08:06:02
RYR5338,2022-11-17,08:06:02
ACA50,2022-11-17,08:07:02
UAL990,2022-11-17,08:08:02
WUK6676,2022-11-17,08:08:02
RYR8929,2022-11-17,08:08:02
RYR8VV,2022-11-17,08:09:02
BAW90BG,2022-11-17,08:09:02
CFG2117,2022-11-17,08:09:02
DAL74,2022-11-17,08:09:02
DIKBO,2022-11-17,08:10:02
SHT17L,2022-11-17,08:11:02
EWG8JM,2022-11-17,08:11:02
EIN3RH,2022-11-17,08:11:02
BAW520,2022-11-17,08:13:02
DLH1FR,2022-11-17,08:13:02
SHT12K,2022-11-17,08:14:02
N888XM,2022-11-17,08:14:02
ACA856,2022-11-17,08:14:02
BAW761,2022-11-17,08:14:02
UAL907,2022-11-17,08:15:02
KLM713,2022-11-17,08:15:02
EZY18JQ,2022-11-17,08:15:02
AAL732,2022-11-17,08:15:02
EZY92BH,2022-11-17,08:15:02
EXS27H,2022-11-17,08:16:02
THY6397,2022-11-17,08:16:02
RYR39ZX,2022-11-17,08:17:02
RYR42QN,2022-11-17,08:17:02
RYR13ZY,2022-11-17,08:18:02
BAW2758,2022-11-17,08:18:02
BAW16LX,2022-11-17,08:19:02
RYR2TE,2022-11-17,08:19:02
SHT2J,2022-11-17,08:20:02
MRLIV,2022-11-17,08:21:02
BAW1481,2022-11-17,08:21:02
EZY17RZ,2022-11-17,08:22:02
SAS84F,2022-11-17,08:22:02
VSB01,2022-11-17,08:22:02
UAL16,2022-11-17,08:23:02
VIR165,2022-11-17,08:25:02
BAW172,2022-11-17,08:25:02
AHO745L,2022-11-17,08:25:02
FPY5,2022-11-17,08:25:02
AAL194,2022-11-17,08:25:02
EZY613E,2022-11-17,08:26:03
VKG1822,2022-11-17,08:26:03
EJU49PA,2022-11-17,08:26:03
UAL987,2022-11-17,08:26:03
EZY84BK,2022-11-17,08:26:03
EIN71K,2022-11-17,08:27:02
KLM1007,2022-11-17,08:27:02
BEE9LX,2022-11-17,08:28:02
RYR34GA,2022-11-17,08:28:02
N32CK,2022-11-17,08:28:02
BAW4MJ,2022-11-17,08:29:02
KLM71F,2022-11-17,08:29:02
BAW771C,2022-11-17,08:29:02
BAW430,2022-11-17,08:30:02
BAW51B,2022-11-17,08:30:02
EIN40G,2022-11-17,08:30:02
AFR022,2022-11-17,08:30:02
BAW752B,2022-11-17,08:31:02
BAW22E,2022-11-17,08:31:02
BAW8YP,2022-11-17,08:32:02
QTR006,2022-11-17,08:33:02
KLM915,2022-11-17,08:33:02
EIN432,2022-11-17,08:33:02
FIN3ML,2022-11-17,08:33:02
TFL370,2022-11-17,08:35:02
TAP1351,2022-11-17,08:35:02
EWG7WR,2022-11-17,08:35:02
DLH455,2022-11-17,08:35:02
RCH815,2022-11-17,08:35:02
BAW947L,2022-11-17,08:35:02
RYR718U,2022-11-17,08:36:02
SHT8W,2022-11-17,08:36:02
SHT5P,2022-11-17,08:36:02
BAW906N,2022-11-17,08:37:02
BAW31WL,2022-11-17,08:38:02
RYR865H,2022-11-17,08:39:02
CCA645,2022-11-17,08:39:02
BAW456W,2022-11-17,08:39:02
BAW604P,2022-11-17,08:40:02
BAW894,2022-11-17,08:41:02
ACA854,2022-11-17,08:41:02
PJS800,2022-11-17,08:41:02
SAS43A,2022-11-17,08:41:02
WZZ1AF,2022-11-17,08:42:02
CFG2163,2022-11-17,08:42:02
BAW41YA,2022-11-17,08:43:02
TFL1693,2022-11-17,08:43:02
DLH5H,2022-11-17,08:44:02
JBU20,2022-11-17,08:45:02
BAW87B,2022-11-17,08:45:02
JBU2144,2022-11-17,08:45:02
UAL984,2022-11-17,08:45:02
EZY58UB,2022-11-17,08:45:02
RYR29YB,2022-11-17,08:45:02
CFG1HE,2022-11-17,08:45:02
VIR232G,2022-11-17,08:46:02
VLG7VH,2022-11-17,08:48:02
BAW699W,2022-11-17,08:48:02
KLM1711,2022-11-17,08:48:02
IBE31SP,2022-11-17,08:48:02
RYR588L,2022-11-17,08:49:02
LOT30,2022-11-17,08:50:02
AAL728,2022-11-17,08:50:02
BAW830D,2022-11-17,08:52:02
RYR2649,2022-11-17,08:52:02
FIN20C,2022-11-17,08:52:02
HVN55,2022-11-17,08:52:02
RYR4KU,2022-11-17,08:52:02
UAL2573,2022-11-17,08:53:02
WZZ4828,2022-11-17,08:53:02
BAW477,2022-11-17,08:53:02
EIN380,2022-11-17,08:53:02
JFA29G,2022-11-17,08:54:02
DLH457,2022-11-17,08:55:02
RYR5TY,2022-11-17,08:55:02
RYR57LM,2022-11-17,08:55:02
ACA848,2022-11-17,08:56:02
BAW14K,2022-11-17,08:57:02
EIN154,2022-11-17,08:58:03
DAL59,2022-11-17,08:58:03
DLH1KN,2022-11-17,08:59:02
SWR58H,2022-11-17,09:00:02
EWG5GF,2022-11-17,09:01:02
UAL46,2022-11-17,09:01:02
EZY929K,2022-11-17,09:01:02
KLM758,2022-11-17,09:01:02
SHT18A,2022-11-17,09:02:02
BAW4DC,2022-11-17,09:03:02
N358EE,2022-11-17,09:03:02
VIR6J,2022-11-17,09:03:02
BAW814L,2022-11-17,09:04:02
NSZ5TY,2022-11-17,09:05:02
GMSVO,2022-11-17,09:05:02
BAW46JU,2022-11-17,09:06:02
RYR8HM,2022-11-17,09:06:02
BAW392R,2022-11-17,09:06:02
RYR34TH,2022-11-17,09:06:02
EXS1401,2022-11-17,09:07:03
DAL83,2022-11-17,09:07:03
BAW92W,2022-11-17,09:08:02
VIR12E,2022-11-17,09:08:02
KLM1002,2022-11-17,09:08:02
AIC172,2022-11-17,09:09:02
BCS6756,2022-11-17,09:10:02
BAW992G,2022-11-17,09:11:03
BAW554R,2022-11-17,09:11:03
BAW15PZ,2022-11-17,09:12:02
OCN11,2022-11-17,09:13:02
GERGP,2022-11-17,09:13:02
AAL45,2022-11-17,09:14:02
EWG7PL,2022-11-17,09:14:02
AFR48WN,2022-11-17,09:14:02
DLH8YA,2022-11-17,09:15:02
SAS52H,2022-11-17,09:15:02
ACA42,2022-11-17,09:15:02
UAL24,2022-11-17,09:15:02
BAW162,2022-11-17,09:16:02
KLM1050,2022-11-17,09:16:02
AFR62DR,2022-11-17,09:16:02
EZE52LN,2022-11-17,09:16:02
BEE6CR,2022-11-17,09:17:02
EIN84T,2022-11-17,09:17:02
MDUBS,2022-11-17,09:17:02
UAL27,2022-11-17,09:18:02
EZY71KV,2022-11-17,09:18:02
EZE11H,2022-11-17,09:18:02
UAE5WR,2022-11-17,09:19:02
RYR8SC,2022-11-17,09:19:02
QTR91A,2022-11-17,09:19:02
UAL74,2022-11-17,09:20:02
BAW190,2022-11-17,09:20:02
EXS64GH,2022-11-17,09:21:02
EXS98BS,2022-11-17,09:21:02
RYR31WJ,2022-11-17,09:22:02
JTD713,2022-11-17,09:22:02
BAW675,2022-11-17,09:22:02
KLM749,2022-11-17,09:23:02
WZZ334,2022-11-17,09:23:02
BAW70Q,2022-11-17,09:24:03
DLH2UX,2022-11-17,09:24:03
ACA869,2022-11-17,09:25:02
THY18A,2022-11-17,09:25:02
NOZ33B,2022-11-17,09:26:02
UAL905,2022-11-17,09:26:02
UAL940,2022-11-17,09:26:02
DAL3,2022-11-17,09:26:02
VIR3N,2022-11-17,09:27:02
AFR69KQ,2022-11-17,09:27:02
EZY79CN,2022-11-17,09:27:02
KQA103,2022-11-17,09:28:02
BAW499C,2022-11-17,09:28:02
AJT8320,2022-11-17,09:28:02
ACA855,2022-11-17,09:28:02
DAL50,2022-11-17,09:29:02
UAL56,2022-11-17,09:29:02
GCEGU,2022-11-17,09:29:02
UAL932,2022-11-17,09:30:02
QTR43C,2022-11-17,09:30:02
AAL195,2022-11-17,09:30:02
RRR5730,2022-11-17,09:30:02
BTX439,2022-11-17,09:31:02
BAW253M,2022-11-17,09:31:02
UAL957,2022-11-17,09:31:02
N755PA,2022-11-17,09:31:02
SWR5AP,2022-11-17,09:32:02
SHT3P,2022-11-17,09:32:02
N535GV,2022-11-17,09:32:02
EJU19PY,2022-11-17,09:32:02
ACA842,2022-11-17,09:32:02
RYR25KZ,2022-11-17,09:32:02
AAL38,2022-11-17,09:33:02
AUA4Y,2022-11-17,09:34:02
BAW476,2022-11-17,09:35:02
BAW272T,2022-11-17,09:35:02
KLM916,2022-11-17,09:35:02
NJE8KE,2022-11-17,09:36:02
AFR75EN,2022-11-17,09:36:02
BAW3C,2022-11-17,09:36:02
JTD985,2022-11-17,09:36:02
RYR1QD,2022-11-17,09:37:02
BAW924,2022-11-17,09:37:02
LOT2HR,2022-11-17,09:37:02
UAL949,2022-11-17,09:38:02
NSZ2ES,2022-11-17,09:39:02
BAW188,2022-11-17,09:39:02
WUK5205,2022-11-17,09:39:02
EJU63DW,2022-11-17,09:39:02
UAE7CN,2022-11-17,09:40:02
BAW117,2022-11-17,09:41:02
UAL924,2022-11-17,09:41:02
MANTA,2022-11-17,09:41:02
AIC169,2022-11-17,09:42:02
SHT5U,2022-11-17,09:42:02
SWR33U,2022-11-17,09:43:02
SAS2533,2022-11-17,09:43:02
BAW885R,2022-11-17,09:43:02
BAW938,2022-11-17,09:44:02
DAL36,2022-11-17,09:44:02
GTI4704,2022-11-17,09:44:02
CLX85E,2022-11-17,09:44:02
BAW726P,2022-11-17,09:45:02
BAW26E,2022-11-17,09:46:02
ACA850,2022-11-17,09:46:02
WZZ1EE,2022-11-17,09:46:02
LOG82WR,2022-11-17,09:47:02
KLM767,2022-11-17,09:47:02
GAC480T,2022-11-17,09:47:02
VIR188A,2022-11-17,09:47:02
BEL2AH,2022-11-17,09:47:02
BAW17PA,2022-11-17,09:48:02
VKG1502,2022-11-17,09:48:02
TIE15FF,2022-11-17,09:49:02
RON814,2022-11-17,09:50:02
RYR29KP,2022-11-17,09:50:02
IBE31WR,2022-11-17,09:51:02
SXN75A,2022-11-17,09:53:02
RYR50HA,2022-11-17,09:53:02
GAVSI,2022-11-17,09:53:02
AFR52JK,2022-11-17,09:53:02
BEL8LG,2022-11-17,09:54:02
VTB200,2022-11-17,09:55:02
UAL12,2022-11-17,09:55:02
EIN15M,2022-11-17,09:55:02
RYR94WG,2022-11-17,09:55:02
KLM736,2022-11-17,09:55:02
UAL998,2022-11-17,09:56:02
DLH9U,2022-11-17,09:56:02
AAL104,2022-11-17,09:56:02
RYR8GL,2022-11-17,09:56:02
IBE31KC,2022-11-17,09:57:02
BAW712T,2022-11-17,09:57:02
EUK9RE,2022-11-17,09:57:02
SHT8R,2022-11-17,09:57:02
VJT732,2022-11-17,09:57:02
RYR71LX,2022-11-17,09:57:02
AFR17TY,2022-11-17,09:58:02
TOW2146,2022-11-17,09:58:02
VIR22Q,2022-11-17,09:58:02
EXS69VT,2022-11-17,09:59:02
CBM55,2022-11-17,09:59:02
GFA002,2022-11-17,09:59:02
THY5ZG,2022-11-17,09:59:02
BAW676,2022-11-17,10:01:02
EIN232,2022-11-17,10:01:02
BAW78G,2022-11-17,10:02:02
TOM2VY,2022-11-17,10:03:02
DIPIA,2022-11-17,10:03:02
BAW24R,2022-11-17,10:03:02
RYR7FH,2022-11-17,10:03:02
MAJOR,2022-11-17,10:04:02
ETD81C,2022-11-17,10:04:02
THY1BN,2022-11-17,10:05:02
VIR103M,2022-11-17,10:05:02
ICE12C,2022-11-17,10:05:02
DLH9FF,2022-11-17,10:05:02
EZY72BH,2022-11-17,10:06:03
TOM308,2022-11-17,10:06:03
AFR16TL,2022-11-17,10:07:02
BAW401,2022-11-17,10:07:02
JBU7,2022-11-17,10:07:02
EJM16,2022-11-17,10:07:02
EIN7HL,2022-11-17,10:08:02
EZY23GX,2022-11-17,10:08:02
DAL32,2022-11-17,10:08:02
BCS302,2022-11-17,10:08:02
EWG8XG,2022-11-17,10:09:02
HRN221,2022-11-17,10:09:02
BAW1341,2022-11-17,10:09:02
RYR1MY,2022-11-17,10:09:02
NJE599Q,2022-11-17,10:09:02
BAW668R,2022-11-17,10:10:02
BAW429,2022-11-17,10:10:02
BAW7JG,2022-11-17,10:10:02
DAL17,2022-11-17,10:11:02
WZZ1DB,2022-11-17,10:11:02
RYR4TP,2022-11-17,10:12:02
NSZ2878,2022-11-17,10:12:02
EJU46WL,2022-11-17,10:13:02
VIR117F,2022-11-17,10:13:02
KLM751,2022-11-17,10:13:02
HBGPH,2022-11-17,10:13:02
BAW17A,2022-11-17,10:14:02
DAL233,2022-11-17,10:14:02
SIA305,2022-11-17,10:15:02
GARDB,2022-11-17,10:16:02
EIN52X,2022-11-17,10:16:02
DAL97,2022-11-17,10:17:02
SWR27H,2022-11-17,10:17:02
SAS502,2022-11-17,10:18:02
VIR10H,2022-11-17,10:18:02
ACA833,2022-11-17,10:18:02
RYR56BY,2022-11-17,10:18:02
VIR130C,2022-11-17,10:18:02
VIR108B,2022-11-17,10:18:02
EZY72GK,2022-11-17,10:19:02
BAW5XM,2022-11-17,10:19:02
ICE6H,2022-11-17,10:19:02
SHT18G,2022-11-17,10:20:02
DAL221,2022-11-17,10:20:02
BAW406,2022-11-17,10:21:02
EXS66KE,2022-11-17,10:21:02
AFR694,2022-11-17,10:22:02
EXS7LX,2022-11-17,10:22:02
UAL5,2022-11-17,10:23:02
SHT6U,2022-11-17,10:23:02
SUI523,2022-11-17,10:24:02
BAW23T,2022-11-17,10:24:02
BAW34XR,2022-11-17,10:25:02
AFR014,2022-11-17,10:25:02
BAW98,2022-11-17,10:26:02
SHT12H,2022-11-17,10:26:02
DJT100,2022-11-17,10:26:02
AFR066,2022-11-17,10:26:02
KLM1008,2022-11-17,10:27:02
AEA65TM,2022-11-17,10:27:02
EZY24TA,2022-11-17,10:28:02
EZY36PJ,2022-11-17,10:28:02
BEL1CP,2022-11-17,10:28:02
DAL225,2022-11-17,10:29:02
BAW139,2022-11-17,10:29:02
ICE8K,2022-11-17,10:29:02
SHT19U,2022-11-17,10:29:02
AAL51,2022-11-17,10:30:02
GYYES,2022-11-17,10:30:02
RYR2VZ,2022-11-17,10:30:02
EIN6AP,2022-11-17,10:31:02
AAL109,2022-11-17,10:31:02
UAF1301,2022-11-17,10:32:02
SHT3R,2022-11-17,10:33:02
THY6,2022-11-17,10:33:02
AFR084,2022-11-17,10:33:02
AAL78,2022-11-17,10:34:02
DAL2,2022-11-17,10:34:02
AAL93,2022-11-17,10:34:02
BEE9BA,2022-11-17,10:35:02
DAL141,2022-11-17,10:35:02
BOX423,2022-11-17,10:35:02
AIC131,2022-11-17,10:37:02
EIN381,2022-11-17,10:37:02
ICE450,2022-11-17,10:37:02
RYR799,2022-11-17,10:37:02
AMC100A,2022-11-17,10:37:02
UAL879,2022-11-17,10:38:02
AAL733,2022-11-17,10:39:02
MDI02,2022-11-17,10:39:02
NJE088W,2022-11-17,10:39:02
DBONN,2022-11-17,10:40:02
EZY52WP,2022-11-17,10:40:02
AFR682,2022-11-17,10:41:02
BAW25CV,2022-11-17,10:41:02
SHT13E,2022-11-17,10:41:02
UAL135,2022-11-17,10:42:02
SVA110,2022-11-17,10:42:02
T7MUS,2022-11-17,10:42:02
SAS804,2022-11-17,10:43:03
SHT7C,2022-11-17,10:44:02
RYR3119,2022-11-17,10:44:02
BAW313,2022-11-17,10:44:02
BAW1480,2022-11-17,10:45:02
GVIOF,2022-11-17,10:45:02
BAW34N,2022-11-17,10:45:02
BAW65,2022-11-17,10:45:02
VIR454,2022-11-17,10:45:02
BAW831S,2022-11-17,10:46:02
RYR9LL,2022-11-17,10:46:02
SHT2Q,2022-11-17,10:47:02
BAW408V,2022-11-17,10:48:02
RYR89VW,2022-11-17,10:48:02
BAW804,2022-11-17,10:49:02
UAL938,2022-11-17,10:49:02
TAP54K,2022-11-17,10:49:02
ELY312,2022-11-17,10:50:02
ABD689,2022-11-17,10:50:02
RYR4,2022-11-17,10:50:02
AAL199,2022-11-17,10:50:02
AAL755,2022-11-17,10:51:02
UAL929,2022-11-17,10:51:02
UAL973,2022-11-17,10:51:02
AAL103,2022-11-17,10:52:02
BLX58E,2022-11-17,10:52:02
CFG3782,2022-11-17,10:52:02
IRL280,2022-11-17,10:53:02
ACA858,2022-11-17,10:53:02
NOS4630,2022-11-17,10:53:02
9HCCH,2022-11-17,10:53:02
UAL146,2022-11-17,10:53:02
MAS3,2022-11-17,10:54:02
EIN15N,2022-11-17,10:55:02
EZY702,2022-11-17,10:55:02
SAS526,2022-11-17,10:56:02
IBS3715,2022-11-17,10:56:02
DLH2P,2022-11-17,10:57:02
DAL183,2022-11-17,10:57:02
DLH4C,2022-11-17,10:57:02
BAW207,2022-11-17,10:58:02
BAW255,2022-11-17,11:00:02
RYR8ZY,2022-11-17,11:00:02
VIR105,2022-11-17,11:00:02
UAL18,2022-11-17,11:01:02
DAL81,2022-11-17,11:02:02
MEA201,2022-11-17,11:02:02
FIN7KL,2022-11-17,11:02:02
DLH453,2022-11-17,11:03:02
BAW75,2022-11-17,11:03:02
AAL49,2022-11-17,11:03:02
BAW903U,2022-11-17,11:03:02
SWR400N,2022-11-17,11:04:02
AIC145,2022-11-17,11:04:02
RYR37YX,2022-11-17,11:04:02
BAW56HR,2022-11-17,11:05:02
BAW813C,2022-11-17,11:05:02
UAL41,2022-11-17,11:06:02
BAW965,2022-11-17,11:06:02
BAW38DB,2022-11-17,11:07:02
DLH462,2022-11-17,11:07:02
BAW412M,2022-11-17,11:07:02
EIN158,2022-11-17,11:09:02
SVA120,2022-11-17,11:09:02
BAW185,2022-11-17,11:10:02
EXS5TR,2022-11-17,11:10:02
VIR8F,2022-11-17,11:11:02
VIR302,2022-11-17,11:11:02
9HCGE,2022-11-17,11:11:02
RYR72TC,2022-11-17,11:11:02
NOZ15U,2022-11-17,11:12:02
AFR62XJ,2022-11-17,11:12:02
EIN233,2022-11-17,11:12:02
AHO9614,2022-11-17,11:12:02
BCS6717,2022-11-17,11:12:02
UAE6FC,2022-11-17,11:13:02
BAW88L,2022-11-17,11:13:02
DAL51,2022-11-17,11:14:02
EXS41UK,2022-11-17,11:15:02
UAL923,2022-11-17,11:16:02
SIA317,2022-11-17,11:16:02
AHO314E,2022-11-17,11:16:02
RUK6TF,2022-11-17,11:18:02
DLH5U,2022-11-17,11:18:02
UAE6VH,2022-11-17,11:18:02
BAW34E,2022-11-17,11:19:02
ACA860,2022-11-17,11:19:02
IBE31AP,2022-11-17,11:20:02
AFR178,2022-11-17,11:20:02
EZY2395,2022-11-17,11:21:02
EZY15YR,2022-11-17,11:21:02
EXS89TL,2022-11-17,11:22:02
BAW926M,2022-11-17,11:22:02
KLM1085,2022-11-17,11:23:02
JFA28H,2022-11-17,11:23:02
SHT9Z,2022-11-17,11:23:02
BAW834,2022-11-17,11:24:02
UAL951,2022-11-17,11:24:02
DAL263,2022-11-17,11:24:02
DLH8EN,2022-11-17,11:25:02
EZY38ZA,2022-11-17,11:25:02
RYR77GU,2022-11-17,11:25:02
AUR3LG,2022-11-17,11:25:02
VIR198,2022-11-17,11:26:02
EZY61ML,2022-11-17,11:26:02
BAW26VP,2022-11-17,11:26:02
TSC111,2022-11-17,11:27:02
UAL914,2022-11-17,11:27:02
OCN10,2022-11-17,11:29:02
SHT8F,2022-11-17,11:29:02
BAW48Q,2022-11-17,11:29:02
FPY5E,2022-11-17,11:29:02
BAW474K,2022-11-17,11:30:02
BAW11M,2022-11-17,11:31:02
VLG8FJ,2022-11-17,11:31:02
N267JR,2022-11-17,11:31:02
CLF285,2022-11-17,11:32:02
JAF165,2022-11-17,11:32:02
THT7,2022-11-17,11:32:02
UAL901,2022-11-17,11:32:02
UAL760,2022-11-17,11:33:02
BAW991,2022-11-17,11:34:02
EIN34J,2022-11-17,11:34:02
LOT2YJ,2022-11-17,11:35:02
NJE127T,2022-11-17,11:35:02
EWG5TF,2022-11-17,11:36:02
KLM755,2022-11-17,11:36:02
CPA252,2022-11-17,11:37:02
UAL986,2022-11-17,11:38:02
AAL137,2022-11-17,11:38:02
BAW72A,2022-11-17,11:38:02
TOM782,2022-11-17,11:39:02
DLH3FN,2022-11-17,11:39:02
BAW949L,2022-11-17,11:39:02
RYR7BZ,2022-11-17,11:39:02
SHT18D,2022-11-17,11:40:02
ITY608,2022-11-17,11:40:02
BAW248,2022-11-17,11:41:03
AAL56,2022-11-17,11:42:02
BAW396,2022-11-17,11:42:02
RYR3NN,2022-11-17,11:43:02
CFG2226,2022-11-17,11:43:02
UAL883,2022-11-17,11:43:02
BAW393B,2022-11-17,11:45:02
IBE31BR,2022-11-17,11:45:02
RYR5MV,2022-11-17,11:45:02
BAW904N,2022-11-17,11:46:03
BAW778F,2022-11-17,11:46:03
BAW431,2022-11-17,11:47:02
CCA646,2022-11-17,11:48:02
BAW20U,2022-11-17,11:48:02
HVN56,2022-11-17,11:49:02
TWY450,2022-11-17,11:49:02
SWR22,2022-11-17,11:50:02
ASL83V,2022-11-17,11:50:02
EZY86YG,2022-11-17,11:50:02
BAW89P,2022-11-17,11:50:02
VLG7JN,2022-11-17,11:51:02
VPCMC,2022-11-17,11:52:02
EZY27GL,2022-11-17,11:52:02
BAW43C,2022-11-17,11:53:02
BAW19F,2022-11-17,11:53:02
IMX112,2022-11-17,11:53:02
RYR2NG,2022-11-17,11:54:02
EZY19GN,2022-11-17,11:54:02
EXS8KL,2022-11-17,11:54:02
BAW173A,2022-11-17,11:55:02
ITY614,2022-11-17,11:56:02
SVA123,2022-11-17,11:56:02
DLH2FM,2022-11-17,11:57:02
AAL151,2022-11-17,11:59:02
BEL1LH,2022-11-17,11:59:02
EZY83BG,2022-11-17,11:59:02
RYR72ZY,2022-11-17,11:59:02
BAW845D,2022-11-17,11:59:02
EUK93C,2022-11-17,12:00:02
TSC123,2022-11-17,12:00:02
QTR003,2022-11-17,12:00:02
VIR177,2022-11-17,12:01:02
RYR88HP,2022-11-17,12:01:02
BEL8M,2022-11-17,12:01:02
AUR605Y,2022-11-17,12:01:02
NCA051,2022-11-17,12:01:02
NJU2VY,2022-11-17,12:01:02
BAW457,2022-11-17,12:01:02
UAL53,2022-11-17,12:02:02
SLS5A,2022-11-17,12:02:02
BAW196E,2022-11-17,12:02:02
BAW2PD,2022-11-17,12:03:02
AAL729,2022-11-17,12:04:02
ELY315,2022-11-17,12:04:02
BAW28F,2022-11-17,12:05:03
BAW219V,2022-11-17,12:06:02
RYR5RK,2022-11-17,12:07:02
NOZ5021,2022-11-17,12:07:02
JBU1926,2022-11-17,12:07:02
NOZ22R,2022-11-17,12:08:02
EIN524,2022-11-17,12:08:02
AFR38XH,2022-11-17,12:08:02
VIR131,2022-11-17,12:08:02
GBEMW,2022-11-17,12:08:02
SHT8G,2022-11-17,12:09:02
AFR49QL,2022-11-17,12:10:02
RYR1LZ,2022-11-17,12:10:02
DAL173,2022-11-17,12:11:02
SHT6T,2022-11-17,12:11:02
KLM719,2022-11-17,12:11:02
TAP52P,2022-11-17,12:11:02
N646AK,2022-11-17,12:12:02
BAW5,2022-11-17,12:12:02
AEH282,2022-11-17,12:12:02
EZY67MJ,2022-11-17,12:13:02
AFR46MJ,2022-11-17,12:13:02
N343AP,2022-11-17,12:13:02
RYR1DB,2022-11-17,12:13:02
DLH460,2022-11-17,12:13:02
BAW974,2022-11-17,12:14:02
BAW27KS,2022-11-17,12:14:02
ABX984,2022-11-17,12:14:02
RYR69UL,2022-11-17,12:14:02
BAW852,2022-11-17,12:15:02
EXS49MY,2022-11-17,12:15:02
JBU44,2022-11-17,12:16:02
RYR24SX,2022-11-17,12:16:02
AFR41AK,2022-11-17,12:17:02
BAW6CR,2022-11-17,12:19:02
TJD403,2022-11-17,12:19:02
RYR3MB,2022-11-17,12:19:02
BAW754B,2022-11-17,12:20:02
EIN43R,2022-11-17,12:20:02
BAW907U,2022-11-17,12:20:02
AAL173,2022-11-17,12:21:02
SHT19M,2022-11-17,12:21:02
MSR777,2022-11-17,12:21:02
AAL47,2022-11-17,12:22:02
DLH499,2022-11-17,12:22:02
OCN2006,2022-11-17,12:22:02
UAL17,2022-11-17,12:23:02
QFA10,2022-11-17,12:24:02
ICE19A,2022-11-17,12:24:02
GEC8189,2022-11-17,12:25:02
NBT702,2022-11-17,12:26:02
UAL928,2022-11-17,12:26:02
DAL20,2022-11-17,12:26:02
SAS531,2022-11-17,12:26:02
RYR5XL,2022-11-17,12:26:02
BAW308,2022-11-17,12:27:02
RUK704W,2022-11-17,12:27:02
NSZ1RP,2022-11-17,12:28:02
AMC101,2022-11-17,12:29:02
NOS787,2022-11-17,12:29:02
DLH3MK,2022-11-17,12:29:02
EWG7462,2022-11-17,12:29:02
BAW276,2022-11-17,12:29:02
BID41A,2022-11-17,12:30:02
DLH2PP,2022-11-17,12:31:02
BAW952M,2022-11-17,12:32:02
N85LJ,2022-11-17,12:32:02
BAW13G,2022-11-17,12:33:02
THY4TC,2022-11-17,12:34:02
AAL134,2022-11-17,12:34:02
BAW479,2022-11-17,12:34:02
WJA18,2022-11-17,12:34:02
VIR19Z,2022-11-17,12:35:02
RYR27PT,2022-11-17,12:36:02
TOM47X,2022-11-17,12:37:03
EZY573X,2022-11-17,12:38:02
RYR7XQ,2022-11-17,12:38:02
SWR194C,2022-11-17,12:38:02
TOM82A,2022-11-17,12:39:02
LVKAX,2022-11-17,12:39:02
VJT659,2022-11-17,12:39:02
TAP67M,2022-11-17,12:39:02
RYR4SA,2022-11-17,12:39:02
RYR1HB,2022-11-17,12:40:02
RYR52JY,2022-11-17,12:40:02
BAW939,2022-11-17,12:40:02
RYR32TY,2022-11-17,12:41:02
THA911,2022-11-17,12:42:03
BAW118,2022-11-17,12:43:02
RYR4577,2022-11-17,12:43:02
DAL11,2022-11-17,12:43:02
ICE451,2022-11-17,12:45:02
SHT9J,2022-11-17,12:45:02
VLG8VU,2022-11-17,12:45:02
UAL926,2022-11-17,12:45:02
DLH7H,2022-11-17,12:46:02
BAW869,2022-11-17,12:46:02
BAW9L,2022-11-17,12:47:02
NBT701,2022-11-17,12:47:02
VIR20V,2022-11-17,12:47:02
BOX487,2022-11-17,12:48:02
AAL57,2022-11-17,12:48:02
CMB970,2022-11-17,12:48:02
BAW91C,2022-11-17,12:49:02
N303HM,2022-11-17,12:49:02
EIN712,2022-11-17,12:49:02
CCA575,2022-11-17,12:50:02
EZY369K,2022-11-17,12:50:02
BAW32T,2022-11-17,12:51:03
JBU1621,2022-11-17,12:52:02
BAW3PB,2022-11-17,12:52:02
VIR7B,2022-11-17,12:53:02
SHT13H,2022-11-17,12:53:02
QTR7W,2022-11-17,12:53:02
BAW60T,2022-11-17,12:54:02
BAW51GA,2022-11-17,12:55:02
EWG14NR,2022-11-17,12:56:02
ECA2WP,2022-11-17,12:56:02
EZY71DG,2022-11-17,12:56:02
BAW855,2022-11-17,12:57:02
UAL930,2022-11-17,12:57:02
BAW58TL,2022-11-17,12:58:02
TVF21VU,2022-11-17,12:58:02
RYR9NB,2022-11-17,12:59:02
NJE401K,2022-11-17,12:59:02
BAW7W,2022-11-17,12:59:02
FIN40L,2022-11-17,12:59:02
EIN159,2022-11-17,13:00:02
EZY32EN,2022-11-17,13:00:02
UAL900,2022-11-17,13:02:02
AAL156,2022-11-17,13:02:02
SVA112,2022-11-17,13:03:02
GBRDF,2022-11-17,13:03:02
9HPRO,2022-11-17,13:03:02
BAW281,2022-11-17,13:04:02
TVF29RG,2022-11-17,13:04:02
AFR368,2022-11-17,13:04:02
SHT3X,2022-11-17,13:04:02
RYR1BU,2022-11-17,13:05:02
DAL229,2022-11-17,13:06:02
BAW574,2022-11-17,13:06:02
SHT7B,2022-11-17,13:07:02
BAW438,2022-11-17,13:07:02
MEA202,2022-11-17,13:08:02
EXS6BP,2022-11-17,13:08:02
RUK48UK,2022-11-17,13:08:02
BAW134,2022-11-17,13:08:02
BAW45EM,2022-11-17,13:08:02
EZY47CQ,2022-11-17,13:09:02
CLX65B,2022-11-17,13:09:02
RKK38,2022-11-17,13:09:02
EZY595R,2022-11-17,13:09:02
BAW34RN,2022-11-17,13:10:02
GMXPI,2022-11-17,13:10:02
EJM669,2022-11-17,13:10:02
BAW8RM,2022-11-17,13:11:02
DAL31,2022-11-17,13:11:02
UAE62T,2022-11-17,13:12:02
BAW84DM,2022-11-17,13:13:02
RYR8LV,2022-11-17,13:14:02
BAW4RE,2022-11-17,13:14:02
UAL26,2022-11-17,13:15:02
RYR4RU,2022-11-17,13:15:02
AIC146,2022-11-17,13:16:02
FHJFP,2022-11-17,13:16:02
BAW661,2022-11-17,13:16:02
EWG2460,2022-11-17,13:16:02
GLSCW,2022-11-17,13:16:02
RYR7CJ,2022-11-17,13:17:02
BAW44N,2022-11-17,13:18:02
BCS372,2022-11-17,13:18:02
BAW260,2022-11-17,13:18:02
EJVAIS,2022-11-17,13:19:02
VJT418,2022-11-17,13:20:02
CNK1,2022-11-17,13:20:02
NSZ3674,2022-11-17,13:20:02
BAW925,2022-11-17,13:20:02
BAW984,2022-11-17,13:21:02
OCN2,2022-11-17,13:21:02
ICE7J,2022-11-17,13:21:02
VIR91,2022-11-17,13:22:02
AFR072,2022-11-17,13:22:02
KLM765,2022-11-17,13:22:02
BZE01A,2022-11-17,13:23:02
VIR5C,2022-11-17,13:24:03
WUK112M,2022-11-17,13:24:03
EIN164,2022-11-17,13:24:03
LOG675,2022-11-17,13:25:02
SHT4B,2022-11-17,13:26:02
GOTPL,2022-11-17,13:26:02
KAC101,2022-11-17,13:26:02
EIN40X,2022-11-17,13:27:02
SWR41A,2022-11-17,13:27:02
AAL135,2022-11-17,13:28:02
SCO377R,2022-11-17,13:28:02
RYR3KP,2022-11-17,13:28:02
SHT19X,2022-11-17,13:29:02
BAW51P,2022-11-17,13:29:02
WUK1993,2022-11-17,13:29:02
EZY84YV,2022-11-17,13:29:02
BAW156,2022-11-17,13:30:02
BAW732,2022-11-17,13:30:02
SHF550,2022-11-17,13:30:02
BAW104,2022-11-17,13:30:02
AFR334,2022-11-17,13:32:02
EXS26F,2022-11-17,13:33:02
TRA77C,2022-11-17,13:33:02
BAW14R,2022-11-17,13:34:02
ACA851,2022-11-17,13:36:03
GYROR,2022-11-17,13:36:03
BAW940,2022-11-17,13:37:02
SLS5B,2022-11-17,13:39:02
AAL731,2022-11-17,13:40:02
RYR6LM,2022-11-17,13:40:02
BAW279,2022-11-17,13:41:02
KLM61C,2022-11-17,13:41:02
RYR99TY,2022-11-17,13:41:02
SWR51N,2022-11-17,13:42:02
CFNVT,2022-11-17,13:42:02
DLH4UX,2022-11-17,13:42:02
BAW467,2022-11-17,13:42:02
SHT2V,2022-11-17,13:43:02
AEH281F,2022-11-17,13:43:02
BAW48G,2022-11-17,13:44:02
VIR133V,2022-11-17,13:45:02
DLH9LP,2022-11-17,13:45:02
UAL147,2022-11-17,13:46:02
KLM744,2022-11-17,13:46:02
VIR45W,2022-11-17,13:47:02
AMX007,2022-11-17,13:47:02
RUK6UJ,2022-11-17,13:48:02
KLM1086,2022-11-17,13:48:02
AUA461W,2022-11-17,13:48:02
AXY312J,2022-11-17,13:48:02
ASL42V,2022-11-17,13:49:02
SHT7H,2022-11-17,13:49:02
AAL136,2022-11-17,13:50:02
SHT6R,2022-11-17,13:50:02
ROT391Z,2022-11-17,13:50:02
RJA111,2022-11-17,13:50:02
DLH1U,2022-11-17,13:51:02
SWR8T,2022-11-17,13:51:02
DAL67,2022-11-17,13:52:02
QTR67F,2022-11-17,13:52:02
BAW483B,2022-11-17,13:52:02
EZY737G,2022-11-17,13:53:02
ICE9L,2022-11-17,13:53:02
BAW84NT,2022-11-17,13:54:02
TAP1359,2022-11-17,13:54:02
AIC162,2022-11-17,13:55:03
AVA120,2022-11-17,13:57:02
RYR22JG,2022-11-17,13:57:02
UAE2,2022-11-17,13:58:02
BAW397,2022-11-17,13:58:02
IBS3692,2022-11-17,13:58:02
KLM1019,2022-11-17,13:58:02
TAM8084,2022-11-17,13:59:02
RYR27YW,2022-11-17,14:00:02
BAW223N,2022-11-17,14:00:02
UAL954,2022-11-17,14:01:02
RUK2KB,2022-11-17,14:01:02
UAL4,2022-11-17,14:02:02
SAS805,2022-11-17,14:02:02
FFC040,2022-11-17,14:02:02
EIN23J,2022-11-17,14:03:02
BAW560F,2022-11-17,14:04:02
GAC192W,2022-11-17,14:05:02
SAS532,2022-11-17,14:05:02
ACA881,2022-11-17,14:05:02
EIN52V,2022-11-17,14:06:02
DLH5CV,2022-11-17,14:06:02
EZY57KD,2022-11-17,14:06:02
EWG38E,2022-11-17,14:07:02
BAW460M,2022-11-17,14:08:02
NJE193C,2022-11-17,14:08:02
AFR688,2022-11-17,14:09:02
BAW263,2022-11-17,14:09:02
FRF900,2022-11-17,14:09:02
IRA711,2022-11-17,14:09:02
EZY82VN,2022-11-17,14:10:02
BAW3TV,2022-11-17,14:11:02
AFR054,2022-11-17,14:11:02
IBE31GE,2022-11-17,14:12:02
EZY16XL,2022-11-17,14:12:02
EIN715,2022-11-17,14:13:02
UAL919,2022-11-17,14:14:02
RYR51KX,2022-11-17,14:14:02
BAW835W,2022-11-17,14:15:02
SWR9JA,2022-11-17,14:16:02
DAL53,2022-11-17,14:16:02
BAW225Y,2022-11-17,14:17:02
BAW81,2022-11-17,14:18:02
THY3MC,2022-11-17,14:18:02
RYR93XH,2022-11-17,14:18:02
VIR156T,2022-11-17,14:20:02
BAW67V,2022-11-17,14:20:02
RYR1KK,2022-11-17,14:20:02
BAW994G,2022-11-17,14:21:02
ACA871,2022-11-17,14:21:02
SHT9T,2022-11-17,14:21:02
ETD25,2022-11-17,14:21:02
JAL45,2022-11-17,14:22:02
BAW480N,2022-11-17,14:22:02
BAW780F,2022-11-17,14:23:03
EZY63YX,2022-11-17,14:23:03
BAW314S,2022-11-17,14:24:02
EZY67CP,2022-11-17,14:25:02
AFR356,2022-11-17,14:26:02
AAL105,2022-11-17,14:26:02
DCSEB,2022-11-17,14:26:02
BAW266K,2022-11-17,14:26:02
EWG12H,2022-11-17,14:26:02
GFA003,2022-11-17,14:26:02
DLH459,2022-11-17,14:27:02
ETD71M,2022-11-17,14:27:02
RYR36AN,2022-11-17,14:28:02
EIN525,2022-11-17,14:29:02
BAW18LX,2022-11-17,14:29:02
EUK934,2022-11-17,14:30:02
SEH7LH,2022-11-17,14:30:02
RYR71CZ,2022-11-17,14:31:02
TRA45J,2022-11-17,14:31:02
AFR378,2022-11-17,14:33:02
ANA211,2022-11-17,14:33:02
BAW125,2022-11-17,14:33:02
ACA865,2022-11-17,14:34:02
DAL265,2022-11-17,14:34:02
NJU116U,2022-11-17,14:34:02
BAW35,2022-11-17,14:35:02
FIN6RD,2022-11-17,14:35:02
KLM171,2022-11-17,14:35:02
FYL34F,2022-11-17,14:35:02
EXS92SB,2022-11-17,14:35:02
BAW2714,2022-11-17,14:36:02
BAW311,2022-11-17,14:36:02
MAS4,2022-11-17,14:37:02
FBU730,2022-11-17,14:37:02
BAW274,2022-11-17,14:38:02
EWG7E,2022-11-17,14:38:02
LWG101,2022-11-17,14:39:02
SHT16N,2022-11-17,14:39:02
EXS39P,2022-11-17,14:39:02
BAW119,2022-11-17,14:40:02
SHT19P,2022-11-17,14:40:02
DAL33,2022-11-17,14:41:02
JAL43,2022-11-17,14:41:02
AAL719,2022-11-17,14:41:02
VLG6UB,2022-11-17,14:42:02
ELY316,2022-11-17,14:42:02
BAW8C,2022-11-17,14:42:02
VJT624,2022-11-17,14:42:02
BAW15K,2022-11-17,14:43:02
OHWAU,2022-11-17,14:43:02
SIA308,2022-11-17,14:44:02
QTR004,2022-11-17,14:45:02
GTI8092,2022-11-17,14:45:02
DAL153,2022-11-17,14:45:02
RYR70ZW,2022-11-17,14:46:02
EWG30U,2022-11-17,14:47:02
BAW242,2022-11-17,14:47:02
TRA6671,2022-11-17,14:47:02
RUK3TJ,2022-11-17,14:47:02
BAW722P,2022-11-17,14:48:02
SHT8A,2022-11-17,14:49:02
RYR2MA,2022-11-17,14:49:02
RYR2WC,2022-11-17,14:49:02
BAW6B,2022-11-17,14:49:02
SWR89DM,2022-11-17,14:50:02
GAC829X,2022-11-17,14:50:02
EXS810,2022-11-17,14:51:02
SHT7Z,2022-11-17,14:52:02
RYR9AR,2022-11-17,14:52:02
SHT18F,2022-11-17,14:53:02
TOM39X,2022-11-17,14:53:02
MSR778,2022-11-17,14:54:02
AAL155,2022-11-17,14:55:02
VLG8WQ,2022-11-17,14:55:02
EZY12XR,2022-11-17,14:55:02
CLX94D,2022-11-17,14:55:02
BAW818,2022-11-17,14:57:02
GTOLY,2022-11-17,14:58:02
BEL7EK,2022-11-17,14:59:02
BAW209,2022-11-17,14:59:02
BAW805,2022-11-17,14:59:02
BAW268,2022-11-17,15:00:02
RYR9ZU,2022-11-17,15:01:02
SVA124,2022-11-17,15:02:02
AFR006,2022-11-17,15:02:02
DLH7KW,2022-11-17,15:02:02
BAW792,2022-11-17,15:03:02
KLM743,2022-11-17,15:03:02
EIN38W,2022-11-17,15:04:02
EZY38ZP,2022-11-17,15:05:02
AAL21,2022-11-17,15:05:02
SHT9K,2022-11-17,15:05:02
EZY685W,2022-11-17,15:06:02
BAW91BG,2022-11-17,15:06:02
N40TH,2022-11-17,15:07:02
TAP789,2022-11-17,15:07:02
THY3GW,2022-11-17,15:07:02
BAW19N,2022-11-17,15:07:02
EZY741B,2022-11-17,15:08:02
AFR344,2022-11-17,15:08:02
ACA861,2022-11-17,15:08:02
EJU51UH,2022-11-17,15:09:02
BAW895,2022-11-17,15:09:02
BAW704W,2022-11-17,15:10:02
FRF501,2022-11-17,15:10:02
BAW446,2022-11-17,15:10:02
GFLXY,2022-11-17,15:11:02
BAW368,2022-11-17,15:12:02
AUA4D,2022-11-17,15:14:02
WZZ1BE,2022-11-17,15:14:02
BAW9CG,2022-11-17,15:15:02
BAW8,2022-11-17,15:16:02
FRF601,2022-11-17,15:16:02
BAW927L,2022-11-17,15:16:02
BAW856Z,2022-11-17,15:17:02
EXS56WG,2022-11-17,15:17:02
RYR5LE,2022-11-17,15:17:02
EZY94RN,2022-11-17,15:17:02
AFR136,2022-11-17,15:18:02
EZY58GT,2022-11-17,15:18:02
EXS898,2022-11-17,15:19:02
EXS17ND,2022-11-17,15:19:02
RAM800F,2022-11-17,15:19:02
RYR8LB,2022-11-17,15:19:02
EZY47KX,2022-11-17,15:20:02
EXS43W,2022-11-17,15:20:02
EIN55N,2022-11-17,15:21:02
TAP764K,2022-11-17,15:21:02
RYR46BQ,2022-11-17,15:22:02
ROT392,2022-11-17,15:22:02
BAW521,2022-11-17,15:22:02
UAL959,2022-11-17,15:23:02
EXS3JP,2022-11-17,15:23:02
EIN239,2022-11-17,15:23:02
BAW312,2022-11-17,15:24:02
BAW5HL,2022-11-17,15:25:02
QTR12J,2022-11-17,15:25:02
OAE601,2022-11-17,15:26:02
AFR73DD,2022-11-17,15:27:02
EZY58FC,2022-11-17,15:27:02
RYR57ZC,2022-11-17,15:27:02
WJA19,2022-11-17,15:27:02
QTR008,2022-11-17,15:28:02
RYR2GG,2022-11-17,15:29:02
EXS584,2022-11-17,15:30:02
BAW49,2022-11-17,15:30:02
BAW5LI,2022-11-17,15:31:02
BID41B,2022-11-17,15:31:02
SHT12U,2022-11-17,15:32:03
BAW542,2022-11-17,15:33:02
AHO734D,2022-11-17,15:33:02
UAL935,2022-11-17,15:34:02
RYR3Y,2022-11-17,15:34:02
BAW966H,2022-11-17,15:36:02
BAW2273,2022-11-17,15:37:02
BAW7TG,2022-11-17,15:38:02
FDX9031,2022-11-17,15:38:02
RYR344C,2022-11-17,15:39:02
BAW35AW,2022-11-17,15:40:02
EZY34DG,2022-11-17,15:40:02
MMD6973,2022-11-17,15:41:02
AFR275,2022-11-17,15:42:02
ACA857,2022-11-17,15:42:02
DAL85,2022-11-17,15:42:02
LOG676,2022-11-17,15:43:02
UPS223,2022-11-17,15:44:02
NJE627Q,2022-11-17,15:44:02
FYG21N,2022-11-17,15:44:02
EIN168E,2022-11-17,15:45:02
BAW462,2022-11-17,15:45:02
EZY67AF,2022-11-17,15:45:02
MOVIE,2022-11-17,15:45:02
WDK25,2022-11-17,15:46:02
BAW277,2022-11-17,15:47:02
IBE31HF,2022-11-17,15:47:02
DAL21,2022-11-17,15:48:02
EZY73RU,2022-11-17,15:49:02
RYR55XZ,2022-11-17,15:50:02
EUK9KN,2022-11-17,15:50:02
BAW398R,2022-11-17,15:51:02
SAS806,2022-11-17,15:52:02
BAW96VC,2022-11-17,15:52:02
AAL39,2022-11-17,15:53:02
NJE369U,2022-11-17,15:53:02
BAW28KF,2022-11-17,15:55:02
PIPE49,2022-11-17,15:55:02
TAP1368,2022-11-17,15:55:02
BAW475,2022-11-17,15:56:02
BAW910N,2022-11-17,15:57:02
EWG7PY,2022-11-17,15:58:02
SAH51P,2022-11-17,15:58:02
WUK18D,2022-11-17,15:58:02
SHT3L,2022-11-17,15:58:02
LHB4,2022-11-17,15:59:02
EWG465,2022-11-17,15:59:02
THY85N,2022-11-17,15:59:02
BAW439M,2022-11-17,15:59:02
VIR24M,2022-11-17,16:00:02
SHT5X,2022-11-17,16:01:02
BAW734,2022-11-17,16:01:02
SPAR85,2022-11-17,16:01:02
EZY96DB,2022-11-17,16:01:02
BAW826Q,2022-11-17,16:02:02
LSM97,2022-11-17,16:02:02
KLC1065,2022-11-17,16:03:02
VIR355,2022-11-17,16:03:02
EZY15KC,2022-11-17,16:03:02
KLM1020,2022-11-17,16:04:02
MBIGG,2022-11-17,16:04:02
MCHEM,2022-11-17,16:04:02
KAC102,2022-11-17,16:05:02
QTR43Q,2022-11-17,16:05:02
EIN242,2022-11-17,16:05:02
BAH6,2022-11-17,16:06:02
UAE79Y,2022-11-17,16:07:02
BAW8X,2022-11-17,16:07:02
TRA1L,2022-11-17,16:07:02
DAL4,2022-11-17,16:09:02
RYR78FG,2022-11-17,16:09:02
ITY610,2022-11-17,16:09:02
WZZ6873,2022-11-17,16:09:02
EXS1222,2022-11-17,16:10:02
IBE3177,2022-11-17,16:11:02
DLH5RX,2022-11-17,16:11:02
DLH3U,2022-11-17,16:12:02
UAE4PV,2022-11-17,16:13:02
DLH8EC,2022-11-17,16:13:02
DGX802,2022-11-17,16:14:03
BAW568J,2022-11-17,16:14:03
BAW718,2022-11-17,16:15:02
NJE205F,2022-11-17,16:15:02
SAS809,2022-11-17,16:16:02
BAW470,2022-11-17,16:17:02
KAL907,2022-11-17,16:17:02
SHT6E,2022-11-17,16:18:02
RYR5UN,2022-11-17,16:18:02
RJA112,2022-11-17,16:19:02
TRA89J,2022-11-17,16:19:02
KLM79F,2022-11-17,16:20:02
N902GB,2022-11-17,16:20:02
BAW986,2022-11-17,16:21:02
DLH972,2022-11-17,16:21:02
BAW1DL,2022-11-17,16:21:02
AFR010,2022-11-17,16:24:02
BAW4VK,2022-11-17,16:24:02
BAW808C,2022-11-17,16:25:02
EIN172,2022-11-17,16:25:02
EXS64GC,2022-11-17,16:25:02
BAW850T,2022-11-17,16:27:02
GILFF,2022-11-17,16:27:02
DLH2JR,2022-11-17,16:28:02
BAW2AS,2022-11-17,16:29:02
THY9WV,2022-11-17,16:29:02
EIN636,2022-11-17,16:30:02
BAW4TH,2022-11-17,16:31:02
NOZ5053,2022-11-17,16:31:02
SHT7P,2022-11-17,16:32:02
EXS1266,2022-11-17,16:33:02
BAW22B,2022-11-17,16:33:02
SHT2P,2022-11-17,16:34:02
EXS1YM,2022-11-17,16:35:02
VJT474,2022-11-17,16:35:02
UAL925,2022-11-17,16:36:02
BAW1348,2022-11-17,16:36:02
EZY76TF,2022-11-17,16:37:02
RYR5ER,2022-11-17,16:37:02
KLM91Q,2022-11-17,16:37:02
RYR65KQ,2022-11-17,16:37:02
BEL76Y,2022-11-17,16:39:03
EZY36RW,2022-11-17,16:39:03
KLM1018,2022-11-17,16:39:03
FIN1336,2022-11-17,16:40:02
SWR48X,2022-11-17,16:40:02
GMA280B,2022-11-17,16:40:02
EZY172G,2022-11-17,16:41:02
CLX72Y,2022-11-17,16:42:02
MNB401,2022-11-17,16:42:02
BAW29LQ,2022-11-17,16:43:02
VIR155M,2022-11-17,16:45:02
EZY38TM,2022-11-17,16:45:02
SCO354R,2022-11-17,16:45:02
EZY82VA,2022-11-17,16:45:02
RYR3249,2022-11-17,16:45:02
VIR839P,2022-11-17,16:46:02
UAE9923,2022-11-17,16:46:02
BAW507,2022-11-17,16:46:02
FDX92,2022-11-17,16:47:02
NJE797N,2022-11-17,16:47:02
BAW86LG,2022-11-17,16:48:03
AFR026,2022-11-17,16:48:03
UPS213,2022-11-17,16:49:02
THY23J,2022-11-17,16:50:02
GPKHA,2022-11-17,16:50:02
EIN718,2022-11-17,16:51:02
IBE31WL,2022-11-17,16:51:02
BAW953L,2022-11-17,16:52:02
BAW978J,2022-11-17,16:52:02
EXS19C,2022-11-17,16:52:02
BAW796K,2022-11-17,16:53:02
BAW779C,2022-11-17,16:54:02
BAW782F,2022-11-17,16:54:02
EZY47AW,2022-11-17,16:54:02
DLH3PL,2022-11-17,16:55:02
BAW660,2022-11-17,16:55:02
EIS02,2022-11-17,16:55:02
RYR9FN,2022-11-17,16:55:02
BAW275,2022-11-17,16:56:02
KAL503,2022-11-17,16:57:02
VIR11B,2022-11-17,16:58:02
SAS72G,2022-11-17,16:59:02
CCA576,2022-11-17,16:59:02
RYR7PG,2022-11-17,16:59:02
WUK1200,2022-11-17,16:59:02
RYR6CH,2022-11-17,16:59:02
DLH3KY,2022-11-17,17:01:02
BAW44E,2022-11-17,17:02:02
BAW413,2022-11-17,17:02:02
ITY207,2022-11-17,17:03:03
AZG655,2022-11-17,17:03:03
RRR2186,2022-11-17,17:03:03
SWR878C,2022-11-17,17:04:02
EZY41DE,2022-11-17,17:04:02
VIR23J,2022-11-17,17:05:02
TAP1356,2022-11-17,17:05:02
RYR72MM,2022-11-17,17:05:02
VIR21K,2022-11-17,17:06:02
RUK79TE,2022-11-17,17:06:02
RYR5073,2022-11-17,17:07:02
BAW135,2022-11-17,17:08:02
BAW960M,2022-11-17,17:10:02
RYR3FB,2022-11-17,17:10:02
EIN169,2022-11-17,17:11:02
EZY28QP,2022-11-17,17:11:02
EZY926N,2022-11-17,17:11:02
EXS26JP,2022-11-17,17:11:02
BAW108,2022-11-17,17:12:02
WZZ1279,2022-11-17,17:13:02
EZY58CH,2022-11-17,17:13:02
SAS506,2022-11-17,17:13:02
RYR956A,2022-11-17,17:13:02
BAW920X,2022-11-17,17:13:02
BAW6FM,2022-11-17,17:15:02
EZY87AG,2022-11-17,17:16:02
RYR987,2022-11-17,17:16:02
AFR26JL,2022-11-17,17:17:02
EZE15H,2022-11-17,17:17:02
EXS94UJ,2022-11-17,17:17:02
RYR2YR,2022-11-17,17:17:02
AWC252W,2022-11-17,17:18:02
AIC128,2022-11-17,17:18:02
AAL107,2022-11-17,17:19:02
BAW669R,2022-11-17,17:20:02
NJE795E,2022-11-17,17:20:02
EZY21UG,2022-11-17,17:20:02
EZY482L,2022-11-17,17:20:02
FDX4,2022-11-17,17:21:02
EXS37K,2022-11-17,17:21:02
BAW464,2022-11-17,17:22:02
BCS57N,2022-11-17,17:23:02
BAW33K,2022-11-17,17:23:02
DUKE23,2022-11-17,17:24:02
AFR291,2022-11-17,17:25:02
TAP1361,2022-11-17,17:25:02
TRA71W,2022-11-17,17:27:02
IRA710,2022-11-17,17:27:02
RAM801F,2022-11-17,17:29:02
SHT8U,2022-11-17,17:30:02
OOGHE,2022-11-17,17:31:03
SWR3YZ,2022-11-17,17:32:02
BAW517,2022-11-17,17:32:02
IBE31RR,2022-11-17,17:34:02
BAW932,2022-11-17,17:34:02
SIA7396,2022-11-17,17:35:02
EIN844,2022-11-17,17:35:02
AEE3LG,2022-11-17,17:36:02
KAC105,2022-11-17,17:36:02
BAW189,2022-11-17,17:37:02
EZY57JE,2022-11-17,17:37:02
SWR31V,2022-11-17,17:37:02
BAW6NC,2022-11-17,17:38:02
SAS1523,2022-11-17,17:39:02
BAW293,2022-11-17,17:39:02
KLC1066,2022-11-17,17:40:02
SWR9NW,2022-11-17,17:41:02
VIR365,2022-11-17,17:41:02
CLY138,2022-11-17,17:41:02
BAW85Q,2022-11-17,17:42:02
DLH3H,2022-11-17,17:43:02
UAL25,2022-11-17,17:44:02
SHT9D,2022-11-17,17:44:02
EXS49TA,2022-11-17,17:44:02
GPCTW,2022-11-17,17:44:02
IBE31VV,2022-11-17,17:45:02
EZY54PL,2022-11-17,17:46:02
SAS810,2022-11-17,17:46:02
FDX2,2022-11-17,17:46:02
BAW3PG,2022-11-17,17:47:02
SHT17Y,2022-11-17,17:47:02
CKS807,2022-11-17,17:47:02
SHT18V,2022-11-17,17:48:02
SWR69J,2022-11-17,17:48:02
WIF1HC,2022-11-17,17:49:02
EXS58N,2022-11-17,17:49:02
CASTLE09,2022-11-17,17:49:02
BAW98BL,2022-11-17,17:49:02
BAW596,2022-11-17,17:50:02
EIN38Y,2022-11-17,17:50:02
THY1ED,2022-11-17,17:50:02
RYR31SZ,2022-11-17,17:50:02
RYR5692,2022-11-17,17:51:02
BAW348K,2022-11-17,17:52:02
RRR6681,2022-11-17,17:52:02
TOM5MT,2022-11-17,17:52:02
UAL941,2022-11-17,17:53:02
THY9DT,2022-11-17,17:53:02
VIR478,2022-11-17,17:54:02
OMA101,2022-11-17,17:54:02
RYR6AP,2022-11-17,17:55:02
VKG1579,2022-11-17,17:55:02
RYR93HR,2022-11-17,17:56:02
RYR37RM,2022-11-17,17:56:02
EZY81MY,2022-11-17,17:57:02
RYR9VE,2022-11-17,17:57:02
EIN17K,2022-11-17,17:57:02
EZY43BT,2022-11-17,17:58:02
KLM48R,2022-11-17,17:58:02
EXS1202,2022-11-17,17:59:02
AFR32MC,2022-11-17,17:59:02
AFR45PM,2022-11-17,17:59:02
RYR39XA,2022-11-17,17:59:02
DLH8YX,2022-11-17,18:00:02
BEL93B,2022-11-17,18:01:02
BAW72G,2022-11-17,18:01:02
BAW447,2022-11-17,18:01:02
TAP671,2022-11-17,18:02:02
EIN246,2022-11-17,18:03:02
JAL44,2022-11-17,18:04:02
NJE153D,2022-11-17,18:05:02
BAW708Z,2022-11-17,18:06:02
RYR78JF,2022-11-17,18:06:02
BAW379,2022-11-17,18:06:02
DLH4UL,2022-11-17,18:07:02
RYR1WT,2022-11-17,18:07:02
EZY15WY,2022-11-17,18:07:02
UAL921,2022-11-17,18:08:03
EIN5RL,2022-11-17,18:08:03
RYR9PQ,2022-11-17,18:08:03
SHT19T,2022-11-17,18:08:03
EZY46CV,2022-11-17,18:08:03
RYR8324,2022-11-17,18:09:02
EXS38C,2022-11-17,18:10:02
BAW99,2022-11-17,18:10:02
EWG47U,2022-11-17,18:10:02
RYR1FB,2022-11-17,18:10:02
RRR1220,2022-11-17,18:11:02
SWR52,2022-11-17,18:11:02
EIN3YR,2022-11-17,18:12:02
BAW677,2022-11-17,18:12:02
EZY54CM,2022-11-17,18:12:02
RYR51GG,2022-11-17,18:12:02
RYR8YH,2022-11-17,18:13:02
VLG97PD,2022-11-17,18:13:02
EWG1RB,2022-11-17,18:13:02
BAW399R,2022-11-17,18:13:02
N7777Q,2022-11-17,18:13:02
TAP1364,2022-11-17,18:13:02
SHT12Q,2022-11-17,18:14:02
TOM2XA,2022-11-17,18:14:02
GEC8224,2022-11-17,18:15:02
EZY58VB,2022-11-17,18:15:02
FTL941,2022-11-17,18:16:02
SAS528,2022-11-17,18:16:02
BAW9GM,2022-11-17,18:16:02
FDX34,2022-11-17,18:16:02
TRA11T,2022-11-17,18:17:02
AFR6730,2022-11-17,18:17:02
EZY87JF,2022-11-17,18:18:02
EXS35K,2022-11-17,18:18:02
AUR9LG,2022-11-17,18:18:02
BAW51L,2022-11-17,18:18:02
SHT6J,2022-11-17,18:18:02
EZY384R,2022-11-17,18:19:02
AFR076,2022-11-17,18:19:02
EIN7EG,2022-11-17,18:19:02
ACA859,2022-11-17,18:20:02
BAW29G,2022-11-17,18:20:02
AFR016,2022-11-17,18:21:02
BAW31F,2022-11-17,18:21:02
KQA101,2022-11-17,18:22:02
DLH6NF,2022-11-17,18:22:02
UAE37,2022-11-17,18:22:02
DHK377,2022-11-17,18:22:02
RYR872U,2022-11-17,18:23:02
ADN23R,2022-11-17,18:23:02
TWY218,2022-11-17,18:24:02
FIN4CE,2022-11-17,18:24:02
IBE31AT,2022-11-17,18:24:02
KZR902,2022-11-17,18:25:02
EIN1HL,2022-11-17,18:25:02
EUK93D,2022-11-17,18:26:02
OCJ101,2022-11-17,18:26:02
SHT4D,2022-11-17,18:26:02
DLH8PA,2022-11-17,18:27:02
AUA455D,2022-11-17,18:27:02
VIR9M,2022-11-17,18:28:02
QTR4Y,2022-11-17,18:29:02
SAS811,2022-11-17,18:29:02
GEC8225,2022-11-17,18:30:02
WZZ1120,2022-11-17,18:30:02
CPA250,2022-11-17,18:31:02
BAW50G,2022-11-17,18:33:02
THY5KB,2022-11-17,18:34:02
RYR123,2022-11-17,18:35:02
FTL842,2022-11-17,18:35:02
KLM66Q,2022-11-17,18:36:02
BAW2764,2022-11-17,18:37:02
EWG468,2022-11-17,18:37:02
TAP57W,2022-11-17,18:38:02
KLM73L,2022-11-17,18:38:02
FSF200B,2022-11-17,18:38:02
EWG29NW,2022-11-17,18:39:02
T7KLCPM,2022-11-17,18:39:02
EXS6KL,2022-11-17,18:39:02
BAW1349,2022-11-17,18:40:02
EIN6KR,2022-11-17,18:42:02
BAW85GA,2022-11-17,18:42:02
REV978B,2022-11-17,18:42:02
AHO384K,2022-11-17,18:42:02
SHT3V,2022-11-17,18:43:02
EZY982G,2022-11-17,18:43:02
BAW42DB,2022-11-17,18:43:02
EWG3W,2022-11-17,18:45:02
EZY82TP,2022-11-17,18:45:02
ALK503,2022-11-17,18:45:02
BAW61,2022-11-17,18:46:02
AFR11ZB,2022-11-17,18:48:02
AFR12HA,2022-11-17,18:48:02
SAS78C,2022-11-17,18:48:02
RYR646T,2022-11-17,18:49:02
BAW828Y,2022-11-17,18:50:03
EZY84NY,2022-11-17,18:50:03
EZY17WJ,2022-11-17,18:51:02
DLH8U,2022-11-17,18:52:02
EZY75RQ,2022-11-17,18:52:02
BAW55K,2022-11-17,18:53:02
WUK871,2022-11-17,18:54:02
SHT7U,2022-11-17,18:54:02
BAW5FC,2022-11-17,18:55:02
BAW461M,2022-11-17,18:55:02
BAW46K,2022-11-17,18:55:02
BAW88P,2022-11-17,18:57:02
RYR10EV,2022-11-17,18:58:02
TOM3DG,2022-11-17,18:59:03
SWR56HL,2022-11-17,18:59:03
EZY78AM,2022-11-17,18:59:03
BAW84KV,2022-11-17,19:01:02
SIA318,2022-11-17,19:02:02
BAW819C,2022-11-17,19:02:02
ITY247,2022-11-17,19:03:02
EZE58LN,2022-11-17,19:04:02
EXS65BM,2022-11-17,19:04:02
BAW178,2022-11-17,19:04:02
BAW257,2022-11-17,19:05:02
THA916,2022-11-17,19:05:02
BEE807,2022-11-17,19:05:02
AXY996P,2022-11-17,19:05:02
BEE2UD,2022-11-17,19:06:02
THY7DW,2022-11-17,19:06:02
SCO383E,2022-11-17,19:06:02
EZY67GM,2022-11-17,19:06:02
VIR354,2022-11-17,19:07:02
RYR965Y,2022-11-17,19:07:02
EZY679B,2022-11-17,19:07:02
LCO1524,2022-11-17,19:08:03
EVA067,2022-11-17,19:09:02
MAERO,2022-11-17,19:09:02
EZY53KB,2022-11-17,19:09:02
KAL908,2022-11-17,19:10:02
EXS1260,2022-11-17,19:10:02
RUK2DB,2022-11-17,19:11:02
BAW911U,2022-11-17,19:11:02
ICE454,2022-11-17,19:12:02
SAS1524,2022-11-17,19:13:02
SAS1507,2022-11-17,19:13:02
BAW16GM,2022-11-17,19:14:02
RYR82XM,2022-11-17,19:14:02
EXS4KP,2022-11-17,19:14:02
EIN52N,2022-11-17,19:15:02
BAW972,2022-11-17,19:15:02
BEE973,2022-11-17,19:15:02
VKG1503,2022-11-17,19:15:02
EIN17R,2022-11-17,19:16:02
EZY34QY,2022-11-17,19:16:02
RYR6UV,2022-11-17,19:16:02
RYR3ZW,2022-11-17,19:17:03
EZY354X,2022-11-17,19:17:03
AFR008,2022-11-17,19:17:03
WZZ22EC,2022-11-17,19:17:03
SHT2K,2022-11-17,19:17:03
BAW481B,2022-11-17,19:17:03
IBE31SZ,2022-11-17,19:18:02
RYR8TT,2022-11-17,19:18:02
UAE67A,2022-11-17,19:19:02
VIR26Q,2022-11-17,19:19:02
RYR16HQ,2022-11-17,19:20:02
BAW822,2022-11-17,19:21:02
BAW34V,2022-11-17,19:21:02
EZY48EQ,2022-11-17,19:21:02
IBE31YR,2022-11-17,19:22:02
MDT12,2022-11-17,19:22:02
SHT2G,2022-11-17,19:23:02
BAW781C,2022-11-17,19:23:02
DLH7KC,2022-11-17,19:23:02
BAW364,2022-11-17,19:24:02
BAW442,2022-11-17,19:25:02
BAW11,2022-11-17,19:26:02
AWU917K,2022-11-17,19:26:02
BAW94HG,2022-11-17,19:26:02
TVF94HP,2022-11-17,19:26:02
TAP757P,2022-11-17,19:29:02
WIF1BL,2022-11-17,19:29:02
VTI017,2022-11-17,19:30:02
ANA212,2022-11-17,19:30:02
AHO7863,2022-11-17,19:30:02
EZY574G,2022-11-17,19:31:02
AAL141,2022-11-17,19:31:02
QTR34F,2022-11-17,19:31:02
VIR300,2022-11-17,19:32:02
UPS207,2022-11-17,19:32:02
ETH729,2022-11-17,19:32:02
BAW239,2022-11-17,19:33:02
BAW793,2022-11-17,19:33:02
SWR357K,2022-11-17,19:33:02
RYR6UF,2022-11-17,19:33:02
ETD42B,2022-11-17,19:35:02
BAW43,2022-11-17,19:36:02
EZY83JX,2022-11-17,19:36:02
AIC147,2022-11-17,19:37:02
LOT2ET,2022-11-17,19:38:02
RYR7ZK,2022-11-17,19:38:02
BAW81RC,2022-11-17,19:40:02
RYR4HN,2022-11-17,19:41:02
EWG2EF,2022-11-17,19:41:02
BAW706V,2022-11-17,19:42:02
TAP761,2022-11-17,19:42:02
SHT16V,2022-11-17,19:44:02
EIN17J,2022-11-17,19:45:02
SWR37G,2022-11-17,19:45:02
EXS52GH,2022-11-17,19:45:02
BAW8GT,2022-11-17,19:46:02
SHT18H,2022-11-17,19:47:02
BAW54L,2022-11-17,19:47:02
EZY76XZ,2022-11-17,19:50:02
BAW988,2022-11-17,19:50:02
EZY754A,2022-11-17,19:51:02
SAS812,2022-11-17,19:52:02
ACA868,2022-11-17,19:52:02
VKA172,2022-11-17,19:52:02
DLH3TR,2022-11-17,19:53:02
BAW132L,2022-11-17,19:54:02
EWG5AW,2022-11-17,19:56:02
NJE8LD,2022-11-17,19:56:02
AFR24UD,2022-11-17,19:56:02
BAW870,2022-11-17,19:58:02
RYR38MA,2022-11-17,19:58:02
EIN1YG,2022-11-17,19:59:02
VJT592,2022-11-17,19:59:02
UAL934,2022-11-17,19:59:02
EZY37QG,2022-11-17,20:00:02
BAW916N,2022-11-17,20:00:02
AFR45VY,2022-11-17,20:00:02
GGVOE,2022-11-17,20:00:02
BAW720T,2022-11-17,20:01:02
EUK93X,2022-11-17,20:02:02
CLX26M,2022-11-17,20:02:02
AUA6EH,2022-11-17,20:03:02
AFR39BV,2022-11-17,20:04:02
RRR6628,2022-11-17,20:05:02
BAW426,2022-11-17,20:05:02
NPT23H,2022-11-17,20:06:02
IBE3179,2022-11-17,20:06:02
BAW26AV,2022-11-17,20:07:02
EXS43L,2022-11-17,20:08:02
RYR8AD,2022-11-17,20:08:02
RYR91UR,2022-11-17,20:08:02
BAW83D,2022-11-17,20:09:02
KAC106,2022-11-17,20:09:02
NWG927,2022-11-17,20:09:02
EZY98HN,2022-11-17,20:09:02
BAW41HA,2022-11-17,20:10:02
ELY317,2022-11-17,20:10:02
EWG2LY,2022-11-17,20:11:02
VLG8575,2022-11-17,20:11:02
EIN723,2022-11-17,20:12:02
RYR9QN,2022-11-17,20:12:02
BAW958M,2022-11-17,20:13:02
FIN7GR,2022-11-17,20:13:02
BAW756,2022-11-17,20:14:02
RYR231M,2022-11-17,20:14:02
SAS4628,2022-11-17,20:15:02
AXY811E,2022-11-17,20:15:02
ITY209,2022-11-17,20:16:02
BCS6773,2022-11-17,20:17:02
BAW183,2022-11-17,20:17:02
OMA102,2022-11-17,20:18:02
BAW87AM,2022-11-17,20:18:02
FDX27,2022-11-17,20:19:02
KAL504,2022-11-17,20:20:03
BAW946,2022-11-17,20:22:02
AHY007,2022-11-17,20:22:02
TAP1369,2022-11-17,20:23:02
EZY35PJ,2022-11-17,20:23:02
EIN84X,2022-11-17,20:23:02
SHT6M,2022-11-17,20:24:02
RYR3696,2022-11-17,20:24:02
DLH4HY,2022-11-17,20:25:02
SWR339,2022-11-17,20:25:02
DLH3ML,2022-11-17,20:26:02
AFR85FP,2022-11-17,20:26:02
BAW3HK,2022-11-17,20:26:02
SHT13L,2022-11-17,20:26:02
NJE994P,2022-11-17,20:26:02
BAW352,2022-11-17,20:27:02
RYR4SF,2022-11-17,20:28:02
FDX9,2022-11-17,20:28:02
EZY18YR,2022-11-17,20:28:02
BAW43M,2022-11-17,20:29:02
N115JS,2022-11-17,20:29:02
BAW786F,2022-11-17,20:31:02
BAW482P,2022-11-17,20:32:02
GSOLE,2022-11-17,20:32:02
KLM1033,2022-11-17,20:32:02
VIR25B,2022-11-17,20:33:02
BAW6DU,2022-11-17,20:33:02
RYR87JH,2022-11-17,20:33:02
RYR172D,2022-11-17,20:33:02
EJU54ZT,2022-11-17,20:34:03
JBC947Z,2022-11-17,20:34:03
SHT4E,2022-11-17,20:35:02
SHT9Y,2022-11-17,20:35:02
EZY95BA,2022-11-17,20:35:02
AXY0420,2022-11-17,20:35:02
BAW858,2022-11-17,20:36:02
BAW809,2022-11-17,20:37:02
EZY53ZW,2022-11-17,20:38:02
KLM1032,2022-11-17,20:38:02
BEE6UC,2022-11-17,20:39:02
FDX7,2022-11-17,20:39:02
RYR97NP,2022-11-17,20:39:02
RYR9RJ,2022-11-17,20:40:02
UAE4,2022-11-17,20:41:02
RYR1RH,2022-11-17,20:42:02
RYR8KQ,2022-11-17,20:42:02
AMC103,2022-11-17,20:44:03
SAS1508,2022-11-17,20:45:02
WZZ164,2022-11-17,20:46:02
ETH701,2022-11-17,20:47:02
TAP58Y,2022-11-17,20:48:02
DLH6LF,2022-11-17,20:49:02
EZY91MC,2022-11-17,20:49:02
KLM27H,2022-11-17,20:50:02
EXS87NJ,2022-11-17,20:51:02
BAW6VK,2022-11-17,20:51:02
BAW326,2022-11-17,20:52:02
BAW92RU,2022-11-17,20:52:02
SHT5V,2022-11-17,20:52:02
BEE1AE,2022-11-17,20:53:02
AEE2FL,2022-11-17,20:53:02
BAW53I,2022-11-17,20:54:02
BAW544K,2022-11-17,20:55:02
BEL9RL,2022-11-17,20:56:02
REV920P,2022-11-17,20:56:02
QTR002,2022-11-17,20:57:02
BAW33A,2022-11-17,20:57:02
MAU53,2022-11-17,20:58:02
SHT7A,2022-11-17,20:58:02
AFR32HP,2022-11-17,20:59:02
SHT19B,2022-11-17,21:01:02
SAS1527,2022-11-17,21:01:02
BAW738,2022-11-17,21:01:02
RYR9DT,2022-11-17,21:01:02
EIN388,2022-11-17,21:01:02
EIN179,2022-11-17,21:02:02
BAW471,2022-11-17,21:02:02
BAW76M,2022-11-17,21:03:03
BEL18A,2022-11-17,21:03:03
TAM8085,2022-11-17,21:04:02
GEC8352,2022-11-17,21:04:02
THY81T,2022-11-17,21:05:02
RYR5BK,2022-11-17,21:06:02
BAW6DP,2022-11-17,21:06:02
SHT12T,2022-11-17,21:07:02
SHT3T,2022-11-17,21:07:02
SIA319,2022-11-17,21:08:02
BAW407,2022-11-17,21:08:02
TOM309,2022-11-17,21:09:02
QFA2,2022-11-17,21:11:02
VJT725,2022-11-17,21:11:02
BAW444,2022-11-17,21:13:02
AAL142,2022-11-17,21:13:02
SAS1501,2022-11-17,21:13:02
EZY82ZG,2022-11-17,21:14:02
SIA7395,2022-11-17,21:15:02
EZY52GN,2022-11-17,21:15:02
DHK376,2022-11-17,21:16:02
KLM701,2022-11-17,21:16:02
EZY14KT,2022-11-17,21:17:02
ETD69K,2022-11-17,21:18:02
BEL4AH,2022-11-17,21:19:02
AIC150,2022-11-17,21:20:02
AFR63PY,2022-11-17,21:20:02
BAW8ER,2022-11-17,21:22:02
FRF300,2022-11-17,21:22:02
BAW105,2022-11-17,21:26:02
EZY63LX,2022-11-17,21:26:02
EZY394W,2022-11-17,21:27:02
RYR2UV,2022-11-17,21:27:02
KLM1057,2022-11-17,21:29:02
ICE455,2022-11-17,21:30:02
AFR55SM,2022-11-17,21:35:02
BAW404R,2022-11-17,21:37:03
ETD901,2022-11-17,21:39:02
EZY52AJ,2022-11-17,21:39:02
QTR8163,2022-11-17,21:39:02
RYR44YN,2022-11-17,21:41:02
EZY36XM,2022-11-17,21:42:02
EIN529,2022-11-17,21:42:02
EZY83YD,2022-11-17,21:42:02
ALK504,2022-11-17,21:45:02
EIN186,2022-11-17,21:45:02
BAW247,2022-11-17,21:46:02
BEE3SD,2022-11-17,21:48:02
EZY34KG,2022-11-17,21:48:02
ABR7SN,2022-11-17,21:48:02
EIN40W,2022-11-17,21:49:02
EZY81QB,2022-11-17,21:49:02
BAW163J,2022-11-17,21:50:03
RYR53AH,2022-11-17,21:50:03
EZY98DL,2022-11-17,21:50:03
RYR1SM,2022-11-17,21:51:02
EZY13YQ,2022-11-17,21:51:02
BAW57K,2022-11-17,21:52:02
TOM719,2022-11-17,21:53:02
N149LP,2022-11-17,21:54:02
BAW82DM,2022-11-17,21:54:02
VTI018,2022-11-17,21:55:03
WZZ9738,2022-11-17,21:55:03
BOX192,2022-11-17,21:55:03
SHT8S,2022-11-17,21:57:02
TAP1366,2022-11-17,21:57:02
DLH5UK,2022-11-17,21:58:02
ICE750,2022-11-17,21:59:02
AIC130,2022-11-17,21:59:02
BAW465M,2022-11-17,22:00:02
KLM1000,2022-11-17,22:01:02
MAS1,2022-11-17,22:02:02
TIE04FM,2022-11-17,22:02:02
BAW15,2022-11-17,22:04:02
AUA4AB,2022-11-17,22:04:02
SHT6N,2022-11-17,22:06:02
EVA068,2022-11-17,22:08:02
AVA121,2022-11-17,22:09:02
RYR7GE,2022-11-17,22:09:02
THA917,2022-11-17,22:10:02
EZY78PQ,2022-11-17,22:11:02
RYR456,2022-11-17,22:11:02
WZZ1ED,2022-11-17,22:11:02
RYR2ZD,2022-11-17,22:12:02
VIR453,2022-11-17,22:13:02
UPS237,2022-11-17,22:14:02
GFA006,2022-11-17,22:15:02
RRR2187,2022-11-17,22:16:02
BAW491U,2022-11-17,22:16:02
BAW109,2022-11-17,22:18:02
RYR3DW,2022-11-17,22:18:02
AIC112,2022-11-17,22:20:02
EIN725,2022-11-17,22:22:02
SIA321,2022-11-17,22:23:02
WZZ1BC,2022-11-17,22:23:02
QTR61L,2022-11-17,22:26:02
THY4HJ,2022-11-17,22:26:02
UAE6,2022-11-17,22:28:02
DLH1UH,2022-11-17,22:29:02
UPS249,2022-11-17,22:29:02
TAY4717,2022-11-17,22:30:02
RUK2843,2022-11-17,22:31:02
CMB119,2022-11-17,22:32:02
AEE609,2022-11-17,22:33:03
DLH948,2022-11-17,22:34:02
DLH8JM,2022-11-17,22:36:02
EZY47MH,2022-11-17,22:37:02
DHK043,2022-11-17,22:40:02
WZZ1HR,2022-11-17,22:40:02
RYR76BC,2022-11-17,22:42:02
RYR21BH,2022-11-17,22:42:02
AHY008,2022-11-17,22:43:02
RYR95KA,2022-11-17,22:45:02
ELY318,2022-11-17,22:46:02
VIR378,2022-11-17,22:48:02
RUK6956,2022-11-17,22:49:02
SRR6977,2022-11-17,22:49:02
MSR780,2022-11-17,22:50:02
BAW251,2022-11-17,22:51:02
RYR28GF,2022-11-17,22:51:02
RYR52EK,2022-11-17,22:52:02
AMX008,2022-11-17,22:52:02
EZY94PL,2022-11-17,22:52:02
VIR449,2022-11-17,22:53:02
VIR411Y,2022-11-17,22:55:02
THY9WX,2022-11-17,22:57:02
RYR87CA,2022-11-17,22:57:02
RYR8SG,2022-11-17,22:59:02
BAW83,2022-11-17,23:01:02
RYR93WB,2022-11-17,23:02:02
BCS2665,2022-11-17,23:03:02
FPO4394,2022-11-17,23:04:02
FDX5218,2022-11-17,23:05:02
RUK9LM,2022-11-17,23:05:02
BCS4243,2022-11-17,23:07:02
BCS39G,2022-11-17,23:08:02
FDX47,2022-11-17,23:09:02
IMX491,2022-11-17,23:11:02
FDX6380,2022-11-17,23:13:02
RYR11T,2022-11-17,23:16:02
NPT6BE,2022-11-17,23:17:02
BBC207,2022-11-17,23:19:02
RUK2426,2022-11-17,23:21:03
BCS6TL,2022-11-17,23:24:02
SRR6565,2022-11-17,23:24:02
RYR17KJ,2022-11-17,23:31:02
BCS460,2022-11-17,23:48:02
BCS451,2022-11-17,23:52:03
WUK112B,2022-11-17,23:57:02
